ASV_ID	total_reads_NC	total_reads_samps	perc_in_neg	total_samples	num_samp_nc	num_samp_no_nc	perc_in_neg_samp
ASV1	9	976083	9.22e-4	558	4	554	0.7168458781362007
ASV2	2	857522	2.33e-4	1225	1	1224	0.0816326530612245
ASV4	11	666269	0.001651	113	3	110	2.6548672566371683
ASV5	12	595415	0.002015	206	3	203	1.4563106796116505
ASV6	2	553863	3.61e-4	236	1	235	0.423728813559322
ASV7	2	509588	3.92e-4	850	2	848	0.2352941176470588
ASV10	5	401705	0.001245	152	2	150	1.3157894736842104
ASV11	1	364018	2.75e-4	279	1	278	0.35842293906810035
ASV13	9	297160	0.003029	357	2	355	0.5602240896358543
ASV14	1	290117	3.45e-4	1111	1	1110	0.09000900090009001
ASV15	1	290062	3.45e-4	145	1	144	0.6896551724137931
ASV16	5	284185	0.001759	135	2	133	1.4814814814814816
ASV17	1	279267	3.58e-4	106	1	105	0.9433962264150944
ASV18	7	278725	0.002511	933	4	929	0.4287245444801715
ASV20	3	269374	0.001114	218	1	217	0.45871559633027525
ASV22	2	262858	7.61e-4	1314	1	1313	0.076103500761035
ASV23	1	246722	4.05e-4	1189	1	1188	0.08410428931875526
ASV26	4	226647	0.001765	314	2	312	0.6369426751592357
ASV28	2	215908	9.26e-4	83	1	82	1.2048192771084338
ASV31	3	191830	0.001564	366	2	364	0.546448087431694
ASV32	3	190048	0.0015790000000000001	79	1	78	1.2658227848101267
ASV33	1	187860	5.32e-4	406	1	405	0.24630541871921183
ASV34	1	185077	5.4e-4	459	1	458	0.2178649237472767
ASV36	1	167373	5.97e-4	96	1	95	1.0416666666666665
ASV37	1	157695	6.34e-4	143	1	142	0.6993006993006993
ASV38	2	154959	0.001291	65	1	64	1.5384615384615385
ASV39	5	152190	0.003285	220	1	219	0.45454545454545453
ASV41	2	137242	0.001457	104	1	103	0.9615384615384616
ASV44	5	123736	0.004041	36	3	33	8.333333333333332
ASV49	2	102001	0.001961	50	2	48	4
ASV52	2	93414	0.002141	42	1	41	2.380952380952381
ASV56	2	84517	0.002366	551	1	550	0.18148820326678766
ASV57	2	84169	0.002376	27	1	26	3.7037037037037033
ASV59	1	83695	0.001195	608	1	607	0.1644736842105263
ASV64	1	79429	0.001259	28	1	27	3.571428571428571
ASV65	3026	71037	4.085711	965	12	953	1.2435233160621761
ASV67	3	73077	0.004105	529	1	528	0.1890359168241966
ASV70	1	72025	0.001388	226	1	225	0.4424778761061947
ASV71	2	71764	0.002787	23	1	22	4.3478260869565215
ASV73	1	70070	0.001427	610	1	609	0.16393442622950818
ASV75	5306	63858	7.671621	665	12	653	1.8045112781954888
ASV76	5	67954	0.007357	233	4	229	1.7167381974248928
ASV82	1	62346	0.001604	37	1	36	2.7027027027027026
ASV91	33730	23444	58.995348	622	39	583	6.270096463022508
ASV95	1	51978	0.001924	612	1	611	0.16339869281045752
ASV96	2	51088	0.003915	430	1	429	0.23255813953488372
ASV97	263	50506	0.518033	767	4	763	0.5215123859191656
ASV103	5	46022	0.010863	98	2	96	2.0408163265306123
ASV117	1	42513	0.002352	664	1	663	0.15060240963855423
ASV121	4406	37389	10.541931	804	6	798	0.7462686567164178
ASV122	4	41718	0.009587	34	1	33	2.941176470588235
ASV123	3	41653	0.007202	18	1	17	5.555555555555555
ASV132	1	37405	0.002673	40	1	39	2.5
ASV133	1	37375	0.002676	76	1	75	1.3157894736842104
ASV146	1	33690	0.002968	203	1	202	0.49261083743842365
ASV147	415	33246	1.232881	711	2	709	0.2812939521800281
ASV148	841	32780	2.501413	485	3	482	0.6185567010309279
ASV155	1	32714	0.003057	326	1	325	0.3067484662576687
ASV156	1	32432	0.003083	80	1	79	1.25
ASV158	2	32091	0.006232	435	2	433	0.45977011494252873
ASV164	2845	28093	9.195811	715	8	707	1.118881118881119
ASV166	991	29779	3.220669	867	7	860	0.8073817762399077
ASV167	1	30585	0.003269	145	1	144	0.6896551724137931
ASV171	2	30241	0.006613	13	1	12	7.6923076923076925
ASV177	1	28837	0.003468	12	1	11	8.333333333333332
ASV178	2	28418	0.007037	20	2	18	10
ASV179	2093	26309	7.369199	558	3	555	0.5376344086021506
ASV181	1	27968	0.003575	188	1	187	0.5319148936170213
ASV188	3	26645	0.011258	47	2	45	4.25531914893617
ASV189	1	26617	0.003757	129	1	128	0.7751937984496124
ASV195	1	25854	0.003868	65	1	64	1.5384615384615385
ASV200	1	25495	0.003922	486	1	485	0.205761316872428
ASV209	1	24635	0.004059	830	1	829	0.12048192771084339
ASV210	567	23993	2.308632	668	3	665	0.4491017964071856
ASV224	1	22187	0.004507	154	1	153	0.6493506493506493
ASV225	1	22164	0.004512	100	1	99	1
ASV231	367	20748	1.738101	142	2	140	1.4084507042253522
ASV234	1	21035	0.004754	326	1	325	0.3067484662576687
ASV237	1	20892	0.004786	63	1	62	1.5873015873015872
ASV239	1	20816	0.004804	560	1	559	0.17857142857142858
ASV249	6	20124	0.029806	561	1	560	0.17825311942959002
ASV255	1657	17941	8.454944	303	6	297	1.9801980198019802
ASV277	664	17103	3.737266	134	2	132	1.4925373134328357
ASV279	1	17709	0.005647	86	1	85	1.1627906976744187
ASV296	507	16285	3.019295	153	1	152	0.6535947712418301
ASV299	8188	8436	49.25409	429	28	401	6.526806526806526
ASV309	320	15639	2.005138	382	4	378	1.0471204188481675
ASV312	2	15899	0.012578	41	1	40	2.4390243902439024
ASV314	113	15705	0.714376	402	2	400	0.4975124378109453
ASV317	463	15229	2.950548	369	1	368	0.27100271002710025
ASV320	2	15536	0.012872	152	1	151	0.6578947368421052
ASV321	625	14826	4.045046	525	4	521	0.7619047619047619
ASV336	9626	4972	65.94054	291	19	272	6.529209621993128
ASV343	706	13702	4.900056	133	3	130	2.2556390977443606
ASV347	157	13918	1.115453	491	4	487	0.8146639511201629
ASV352	2071	11892	14.832056	500	6	494	1.2
ASV365	374	13097	2.776334	313	3	310	0.9584664536741214
ASV372	1129	11996	8.601905	355	5	350	1.4084507042253522
ASV373	755	12301	5.782782	118	1	117	0.847457627118644
ASV385	645	12149	5.041426	130	2	128	1.5384615384615385
ASV393	1	12508	0.007994	36	1	35	2.7777777777777777
ASV396	1251	11194	10.05223	127	2	125	1.574803149606299
ASV397	1	12439	0.008039	38	1	37	2.631578947368421
ASV399	4445	7911	35.974425	411	16	395	3.8929440389294405
ASV400	3	12284	0.024416	186	2	184	1.0752688172043012
ASV402	429	11781	3.513514	338	1	337	0.2958579881656805
ASV403	855	11342	7.00992	425	8	417	1.8823529411764703
ASV419	233	11369	2.008274	297	2	295	0.6734006734006733
ASV431	1	11176	0.008947	32	1	31	3.125
ASV437	1	11086	0.00902	27	1	26	3.7037037037037033
ASV443	1	10649	0.00939	274	1	273	0.36496350364963503
ASV448	1	10544	0.009483	126	1	125	0.7936507936507936
ASV449	315	10205	2.994297	128	2	126	1.5625
ASV450	65	10439	0.618812	437	3	434	0.6864988558352403
ASV456	1116	9082	10.943322	386	10	376	2.5906735751295336
ASV473	215	9607	2.188964	247	2	245	0.8097165991902834
ASV502	299	8773	3.295855	408	2	406	0.49019607843137253
ASV504	1	9033	0.011069	18	1	17	5.555555555555555
ASV521	1168	7463	13.532615	386	5	381	1.2953367875647668
ASV548	769	7275	9.55992	228	2	226	0.8771929824561403
ASV554	368	7572	4.634761	121	2	119	1.6528925619834711
ASV557	24	7824	0.30581	357	1	356	0.2801120448179272
ASV559	1	7803	0.012814	29	1	28	3.4482758620689653
ASV564	209	7526	2.702004	324	1	323	0.30864197530864196
ASV583	4073	3260	55.543434	88	4	84	4.545454545454546
ASV587	45	7241	0.617623	374	2	372	0.53475935828877
ASV596	2989	4101	42.157969	113	3	110	2.6548672566371683
ASV604	178	6837	2.53742	159	1	158	0.628930817610063
ASV607	360	6646	5.138453	263	2	261	0.7604562737642585
ASV611	115	6811	1.66041	121	2	119	1.6528925619834711
ASV628	150	6547	2.239809	159	1	158	0.628930817610063
ASV631	193	6467	2.897898	217	2	215	0.9216589861751152
ASV649	935	5521	14.482652	106	2	104	1.8867924528301887
ASV680	194	5721	3.279797	131	2	129	1.5267175572519083
ASV682	102	5785	1.732631	212	1	211	0.4716981132075472
ASV697	1	5795	0.017253	65	1	64	1.5384615384615385
ASV717	534	5060	9.545942	107	2	105	1.8691588785046727
ASV732	335	5146	6.112023	227	2	225	0.881057268722467
ASV758	720	4534	13.703845	287	5	282	1.7421602787456445
ASV759	575	4668	10.967004	201	3	198	1.4925373134328357
ASV763	41	5183	0.784839	264	1	263	0.3787878787878788
ASV769	2802	2368	54.197292	23	1	22	4.3478260869565215
ASV784	1148	3853	22.955409	49	2	47	4.081632653061225
ASV791	2	4949	0.040396	7	1	6	14.285714285714285
ASV805	4820	0	100	1	1	0	100
ASV815	1	4742	0.021084	162	1	161	0.6172839506172839
ASV825	2164	2513	46.268976	114	2	112	1.7543859649122806
ASV830	1	4653	0.021487	41	1	40	2.4390243902439024
ASV831	1	4653	0.021487	65	1	64	1.5384615384615385
ASV837	616	3987	13.382577	114	2	112	1.7543859649122806
ASV850	92	4414	2.041722	136	2	134	1.4705882352941175
ASV859	1	4438	0.022528	87	1	86	1.1494252873563218
ASV873	602	3721	13.925515	175	3	172	1.7142857142857144
ASV884	1953	2351	45.376394	162	10	152	6.172839506172839
ASV895	2	4243	0.047114	173	1	172	0.5780346820809248
ASV919	1	4130	0.024207	39	1	38	2.564102564102564
ASV958	314	3648	7.92529	102	1	101	0.9803921568627451
ASV964	1691	2235	43.071829	109	6	103	5.5045871559633035
ASV999	1482	2238	39.83871	78	2	76	2.564102564102564
ASV1012	3480	180	95.081967	11	3	8	27.27272727272727
ASV1041	1	3520	0.028401	290	1	289	0.3448275862068966
ASV1051	3317	165	95.261344	19	5	14	26.31578947368421
ASV1101	1	3259	0.030675	264	1	263	0.3787878787878788
ASV1113	1	3224	0.031008	21	1	20	4.761904761904762
ASV1123	45	3136	1.414649	144	1	143	0.6944444444444444
ASV1127	2361	814	74.362205	14	1	13	7.142857142857142
ASV1130	1	3163	0.031606	146	1	145	0.684931506849315
ASV1134	159	2999	5.034832	147	2	145	1.3605442176870748
ASV1138	1	3146	0.031776	143	1	142	0.6993006993006993
ASV1162	16	3024	0.526316	170	1	169	0.5882352941176471
ASV1214	153	2760	5.252317	167	1	166	0.5988023952095809
ASV1216	1405	1504	48.298384	39	1	38	2.564102564102564
ASV1217	1	2906	0.0344	169	1	168	0.591715976331361
ASV1220	367	2531	12.663906	81	2	79	2.4691358024691357
ASV1222	1	2886	0.034638	12	1	11	8.333333333333332
ASV1224	519	2366	17.989601	160	2	158	1.25
ASV1243	2832	0	100	1	1	0	100
ASV1249	84	2728	2.987198	110	1	109	0.9090909090909091
ASV1252	2091	701	74.89255	10	2	8	20
ASV1261	2764	0	100	1	1	0	100
ASV1278	230	2489	8.458992	139	1	138	0.7194244604316548
ASV1297	45	2613	1.693002	89	2	87	2.247191011235955
ASV1323	7	2570	0.271634	133	1	132	0.7518796992481203
ASV1377	35	2415	1.428571	92	1	91	1.0869565217391304
ASV1380	451	1990	18.476034	84	1	83	1.1904761904761905
ASV1381	177	2262	7.257073	89	1	88	1.1235955056179776
ASV1425	173	2161	7.412168	82	2	80	2.4390243902439024
ASV1426	345	1985	14.806867	85	2	83	2.3529411764705883
ASV1441	183	2126	7.925509	110	1	109	0.9090909090909091
ASV1460	63	2214	2.766798	122	1	121	0.819672131147541
ASV1470	2	2255	0.088613	107	1	106	0.9345794392523363
ASV1488	170	2063	7.613077	143	4	139	2.797202797202797
ASV1492	2147	80	96.407723	6	1	5	16.666666666666664
ASV1527	1	2168	0.046104	103	1	102	0.9708737864077669
ASV1571	2073	0	100	1	1	0	100
ASV1572	263	1805	12.717602	131	1	130	0.7633587786259541
ASV1590	224	1817	10.975012	84	2	82	2.380952380952381
ASV1600	14	1998	0.695825	50	1	49	2
ASV1608	38	1964	1.898102	125	1	124	0.8
ASV1618	687	1300	34.574736	82	2	80	2.4390243902439024
ASV1621	44	1940	2.217742	111	1	110	0.9009009009009009
ASV1655	1604	327	83.065769	11	1	10	9.090909090909092
ASV1663	91	1830	4.737116	25	1	24	4
ASV1664	214	1702	11.169102	43	2	41	4.651162790697675
ASV1666	86	1823	4.504976	82	1	81	1.2195121951219512
ASV1690	171	1708	9.100585	103	2	101	1.9417475728155338
ASV1693	1874	0	100	1	1	0	100
ASV1696	3	1865	0.1606	5	1	4	20
ASV1742	585	1215	32.5	99	4	95	4.040404040404041
ASV1780	70	1690	3.977273	122	1	121	0.819672131147541
ASV1783	146	1612	8.304892	88	1	87	1.1363636363636365
ASV1785	292	1463	16.638177	72	1	71	1.3888888888888888
ASV1814	1	1707	0.058548	120	1	119	0.8333333333333334
ASV1838	1063	615	63.349225	36	3	33	8.333333333333332
ASV1888	103	1526	6.322897	81	1	80	1.2345679012345678
ASV1895	318	1298	19.678218	75	1	74	1.3333333333333335
ASV1924	171	1412	10.802274	78	1	77	1.282051282051282
ASV1936	185	1390	11.746032	103	2	101	1.9417475728155338
ASV1993	1	1522	0.06566	93	1	92	1.0752688172043012
ASV2000	2	1509	0.132363	33	1	32	3.0303030303030303
ASV2010	1	1497	0.066756	78	1	77	1.282051282051282
ASV2019	279	1210	18.737408	65	1	64	1.5384615384615385
ASV2029	253	1226	17.106153	77	1	76	1.2987012987012987
ASV2045	224	1234	15.363512	35	1	34	2.857142857142857
ASV2046	99	1356	6.804124	60	1	59	1.6666666666666667
ASV2065	543	894	37.787056	54	1	53	1.8518518518518516
ASV2087	255	1159	18.033946	43	1	42	2.3255813953488373
ASV2098	19	1382	1.356174	55	1	54	1.8181818181818181
ASV2107	808	586	57.962697	24	1	23	4.166666666666666
ASV2128	391	974	28.644689	55	2	53	3.6363636363636362
ASV2140	126	1230	9.292035	65	1	64	1.5384615384615385
ASV2196	28	1278	2.143951	67	1	66	1.4925373134328357
ASV2199	1304	0	100	1	1	0	100
ASV2207	158	1142	12.153846	101	2	99	1.9801980198019802
ASV2252	54	1214	4.258675	34	1	33	2.941176470588235
ASV2263	1134	124	90.143084	4	1	3	25
ASV2267	932	323	74.262948	10	3	7	30
ASV2270	1070	183	85.395052	2	1	1	50
ASV2273	384	867	30.695444	46	2	44	4.3478260869565215
ASV2278	1	1246	0.080192	103	1	102	0.9708737864077669
ASV2306	1114	102	91.611842	8	1	7	12.5
ASV2372	14	1157	1.195559	42	1	41	2.380952380952381
ASV2394	3	1154	0.259291	42	1	41	2.380952380952381
ASV2407	44	1102	3.839442	74	1	73	1.3513513513513513
ASV2424	2	1131	0.176523	57	1	56	1.7543859649122806
ASV2436	302	818	26.964286	19	1	18	5.263157894736842
ASV2522	107	963	10	55	2	53	3.6363636363636362
ASV2533	60	1002	5.649718	37	1	36	2.7027027027027026
ASV2534	152	910	14.312618	33	1	32	3.0303030303030303
ASV2538	1	1058	0.094429	95	1	94	1.0526315789473684
ASV2565	117	931	11.164122	32	3	29	9.375
ASV2574	1009	34	96.740173	3	1	2	33.33333333333333
ASV2610	166	856	16.242661	30	1	29	3.3333333333333335
ASV2620	1	1018	0.098135	31	1	30	3.225806451612903
ASV2664	37	963	3.7	50	1	49	2
ASV2670	342	654	34.337349	57	2	55	3.508771929824561
ASV2688	833	151	84.654472	6	2	4	33.33333333333333
ASV2704	916	60	93.852459	3	1	2	33.33333333333333
ASV2712	1	969	0.103093	23	1	22	4.3478260869565215
ASV2753	457	494	48.054679	52	2	50	3.8461538461538463
ASV2783	104	834	11.08742	51	1	50	1.9607843137254901
ASV2784	149	789	15.884861	48	1	47	2.083333333333333
ASV2786	1	937	0.10661	25	1	24	4
ASV2790	51	885	5.448718	62	1	61	1.6129032258064515
ASV2808	927	0	100	1	1	0	100
ASV2811	11	915	1.187905	49	1	48	2.0408163265306123
ASV2837	74	839	8.105148	35	1	34	2.857142857142857
ASV2842	36	876	3.947368	66	1	65	1.5151515151515151
ASV2852	31	877	3.414097	70	1	69	1.4285714285714286
ASV2879	39	861	4.333333	68	1	67	1.4705882352941175
ASV2976	21	834	2.45614	38	1	37	2.631578947368421
ASV2995	290	557	34.238489	31	1	30	3.225806451612903
ASV3004	70	772	8.313539	32	1	31	3.125
ASV3072	684	131	83.92638	13	1	12	7.6923076923076925
ASV3093	77	731	9.529703	28	1	27	3.571428571428571
ASV3135	100	692	12.626263	33	1	32	3.0303030303030303
ASV3143	386	402	48.984772	42	2	40	4.761904761904762
ASV3181	316	456	40.932642	26	2	24	7.6923076923076925
ASV3249	532	217	71.028037	6	2	4	33.33333333333333
ASV3263	2	739	0.269906	36	1	35	2.7777777777777777
ASV3273	737	0	100	1	1	0	100
ASV3274	355	382	48.16825	27	2	25	7.4074074074074066
ASV3316	724	0	100	1	1	0	100
ASV3328	117	603	16.25	37	1	36	2.7027027027027026
ASV3336	74	642	10.335196	33	1	32	3.0303030303030303
ASV3351	24	688	3.370787	41	1	40	2.4390243902439024
ASV3361	1	708	0.141044	79	1	78	1.2658227848101267
ASV3391	120	578	17.191977	9	1	8	11.11111111111111
ASV3406	1	694	0.143885	78	1	77	1.282051282051282
ASV3413	57	636	8.225108	23	2	21	8.695652173913043
ASV3415	1	692	0.1443	53	1	52	1.8867924528301887
ASV3429	577	112	83.744557	9	1	8	11.11111111111111
ASV3452	646	37	94.582723	2	1	1	50
ASV3467	120	559	17.673049	27	1	26	3.7037037037037033
ASV3535	365	297	55.135952	33	4	29	12.121212121212121
ASV3552	520	139	78.907436	7	2	5	28.57142857142857
ASV3575	1	649	0.153846	42	1	41	2.380952380952381
ASV3577	1	649	0.153846	31	1	30	3.225806451612903
ASV3579	88	562	13.538462000000001	37	2	35	5.405405405405405
ASV3588	647	0	100	1	1	0	100
ASV3644	116	518	18.29653	17	1	16	5.88235294117647
ASV3678	52	572	8.333333	27	1	26	3.7037037037037033
ASV3689	91	530	14.653784	41	2	39	4.878048780487805
ASV3697	58	561	9.369952	29	1	28	3.4482758620689653
ASV3712	487	130	78.930308	16	2	14	12.5
ASV3840	25	561	4.266212	29	1	28	3.4482758620689653
ASV3847	72	512	12.328767	37	1	36	2.7027027027027026
ASV3857	2	581	0.343053	33	1	32	3.0303030303030303
ASV3878	579	0	100	1	1	0	100
ASV3923	55	516	9.632224	33	1	32	3.0303030303030303
ASV3972	83	478	14.795009	21	1	20	4.761904761904762
ASV3973	513	48	91.44385	4	1	3	25
ASV3995	557	0	100	1	1	0	100
ASV4054	109	437	19.96337	6	1	5	16.666666666666664
ASV4057	37	508	6.788991	25	1	24	4
ASV4060	41	504	7.522936	46	1	45	2.1739130434782608
ASV4091	40	498	7.434944	33	1	32	3.0303030303030303
ASV4093	155	383	28.810409	27	1	26	3.7037037037037033
ASV4137	374	157	70.433145	19	1	18	5.263157894736842
ASV4154	1	526	0.189753	16	1	15	6.25
ASV4223	441	75	85.465116	6	1	5	16.666666666666664
ASV4283	260	241	51.896208	2	1	1	50
ASV4304	498	0	100	1	1	0	100
ASV4367	140	346	28.806584	22	1	21	4.545454545454546
ASV4382	10	474	2.066116	19	1	18	5.263157894736842
ASV4420	106	370	22.268908	35	1	34	2.857142857142857
ASV4515	356	106	77.056277	3	1	2	33.33333333333333
ASV4758	33	393	7.746479	19	1	18	5.263157894736842
ASV4767	402	23	94.588235	3	1	2	33.33333333333333
ASV4794	34	387	8.07601	34	1	33	2.941176470588235
ASV4816	414	4	99.043062	2	1	1	50
ASV4870	117	294	28.467153	43	1	42	2.3255813953488373
ASV5034	34	357	8.695652	31	1	30	3.225806451612903
ASV5086	19	366	4.935065	24	2	22	8.333333333333332
ASV5094	47	337	12.239583	16	1	15	6.25
ASV5164	251	123	67.112299	14	1	13	7.142857142857142
ASV5238	349	16	95.616438	3	1	2	33.33333333333333
ASV5357	324	29	91.784703	2	1	1	50
ASV5441	294	53	84.726225	6	1	5	16.666666666666664
ASV5498	247	93	72.647059	12	1	11	8.333333333333332
ASV5509	339	0	100	1	1	0	100
ASV5521	325	14	95.870206	2	1	1	50
ASV5642	70	258	21.341463	23	1	22	4.3478260869565215
ASV5643	328	0	100	1	1	0	100
ASV5644	328	0	100	1	1	0	100
ASV5659	327	0	100	1	1	0	100
ASV5700	323	0	100	1	1	0	100
ASV5718	219	103	68.012422	5	1	4	20
ASV5732	321	0	100	1	1	0	100
ASV5775	209	109	65.72327	3	1	2	33.33333333333333
ASV6041	139	159	46.644295	2	1	1	50
ASV6113	32	262	10.884354	22	1	21	4.545454545454546
ASV6121	1	293	0.340136	8	1	7	12.5
ASV6187	99	190	34.256055	12	1	11	8.333333333333332
ASV6224	143	144	49.825784	25	2	23	8
ASV6389	276	0	100	1	1	0	100
ASV6449	8	264	2.941176	22	1	21	4.545454545454546
ASV6474	271	0	100	1	1	0	100
ASV6626	261	0	100	1	1	0	100
ASV6644	254	6	97.692308	2	1	1	50
ASV6692	55	202	21.400778	11	1	10	9.090909090909092
ASV6788	13	239	5.15873	15	1	14	6.666666666666667
ASV6881	237	11	95.564516	2	1	1	50
ASV6916	246	0	100	1	1	0	100
ASV6947	234	10	95.901639	3	2	1	66.66666666666666
ASV6978	214	29	88.065844	2	1	1	50
ASV6979	243	0	100	1	1	0	100
ASV7044	170	70	70.833333	8	2	6	25
ASV7090	238	0	100	1	1	0	100
ASV7180	233	0	100	1	1	0	100
ASV7285	229	0	100	1	1	0	100
ASV7379	105	120	46.666667	7	1	6	14.285714285714285
ASV7451	222	0	100	1	1	0	100
ASV7641	140	72	66.037736	15	2	13	13.333333333333334
ASV7829	30	175	14.634146	32	2	30	6.25
ASV7914	154	48	76.237624	3	1	2	33.33333333333333
ASV8015	93	105	46.969697	3	1	2	33.33333333333333
ASV8069	93	103	47.44898	4	1	3	25
ASV8091	195	0	100	1	1	0	100
ASV8303	187	0	100	1	1	0	100
ASV8317	35	152	18.716578	11	1	10	9.090909090909092
ASV8320	187	0	100	1	1	0	100
ASV8330	187	0	100	1	1	0	100
ASV8344	186	0	100	1	1	0	100
ASV8435	183	0	100	1	1	0	100
ASV8454	182	0	100	2	2	0	100
ASV8468	182	0	100	1	1	0	100
ASV8491	1	180	0.552486	13	1	12	7.6923076923076925
ASV8556	179	0	100	1	1	0	100
ASV8563	45	134	25.139665	7	1	6	14.285714285714285
ASV8599	69	109	38.764045	6	1	5	16.666666666666664
ASV8603	119	59	66.853933	5	1	4	20
ASV8702	27	148	15.428571	26	1	25	3.8461538461538463
ASV8731	174	0	100	1	1	0	100
ASV8819	20	151	11.695906	14	1	13	7.142857142857142
ASV9023	65	100	39.393939	6	1	5	16.666666666666664
ASV9065	164	0	100	1	1	0	100
ASV9107	78	84	48.148148	2	1	1	50
ASV9416	154	0	100	1	1	0	100
ASV9451	153	0	100	1	1	0	100
ASV9717	147	0	100	1	1	0	100
ASV9747	3	143	2.054795	7	1	6	14.285714285714285
ASV9848	46	98	31.944444	6	1	5	16.666666666666664
ASV10062	45	94	32.374101	9	1	8	11.11111111111111
ASV10124	16	122	11.594203	3	1	2	33.33333333333333
ASV10198	17	119	12.5	5	1	4	20
ASV10463	131	0	100	1	1	0	100
ASV10587	129	0	100	1	1	0	100
ASV10634	129	0	100	1	1	0	100
ASV10694	65	62	51.181102	2	1	1	50
ASV10725	127	0	100	1	1	0	100
ASV10742	113	14	88.976378	2	1	1	50
ASV11195	105	14	88.235294	2	1	1	50
ASV11251	10	108	8.474576	9	1	8	11.11111111111111
ASV11346	97	20	82.905983	3	1	2	33.33333333333333
ASV11468	115	0	100	1	1	0	100
ASV11548	114	0	100	1	1	0	100
ASV11594	95	18	84.070796	3	1	2	33.33333333333333
ASV11750	34	77	30.630631	2	1	1	50
ASV11884	109	0	100	1	1	0	100
ASV12021	107	0	100	1	1	0	100
ASV12081	75	31	70.754717	3	1	2	33.33333333333333
ASV12098	8	98	7.54717	10	1	9	10
ASV12144	37	68	35.238095	6	1	5	16.666666666666664
ASV12208	104	0	100	1	1	0	100
ASV12354	103	0	100	1	1	0	100
ASV12468	101	0	100	1	1	0	100
ASV12582	100	0	100	1	1	0	100
ASV12696	94	4	95.918367	2	1	1	50
ASV12713	98	0	100	1	1	0	100
ASV12714	98	0	100	1	1	0	100
ASV12755	97	0	100	1	1	0	100
ASV12783	97	0	100	1	1	0	100
ASV12878	64	32	66.666667	9	1	8	11.11111111111111
ASV12971	95	0	100	1	1	0	100
ASV13302	18	73	19.78022	8	1	7	12.5
ASV13751	87	0	100	1	1	0	100
ASV13804	30	56	34.883721	22	2	20	9.090909090909092
ASV13918	85	0	100	1	1	0	100
ASV14027	3	81	3.571429	2	1	1	50
ASV14055	84	0	100	1	1	0	100
ASV14437	81	0	100	1	1	0	100
ASV14537	80	0	100	1	1	0	100
ASV14617	79	0	100	1	1	0	100
ASV14618	79	0	100	1	1	0	100
ASV14831	51	26	66.233766	2	1	1	50
ASV14869	42	35	54.545455	4	1	3	25
ASV14882	77	0	100	1	1	0	100
ASV14905	77	0	100	1	1	0	100
ASV15370	73	0	100	1	1	0	100
ASV15784	70	0	100	1	1	0	100
ASV15980	69	0	100	1	1	0	100
ASV16015	68	0	100	1	1	0	100
ASV16254	67	0	100	1	1	0	100
ASV16720	1	63	1.5625	9	1	8	11.11111111111111
ASV16837	2	61	3.174603	6	1	5	16.666666666666664
ASV16864	40	23	63.492063	7	3	4	42.857142857142854
ASV17262	61	0	100	1	1	0	100
ASV17538	59	0	100	1	1	0	100
ASV17827	58	0	100	1	1	0	100
ASV18022	57	0	100	1	1	0	100
ASV18134	1	55	1.785714	10	1	9	10
ASV18161	4	52	7.142857	27	1	26	3.7037037037037033
ASV18278	56	0	100	1	1	0	100
ASV18398	55	0	100	1	1	0	100
ASV18479	55	0	100	1	1	0	100
ASV18531	54	0	100	1	1	0	100
ASV18605	54	0	100	1	1	0	100
ASV18780	45	8	84.90566	2	1	1	50
ASV19138	52	0	100	1	1	0	100
ASV19362	51	0	100	1	1	0	100
ASV19417	50	0	100	1	1	0	100
ASV19502	50	0	100	1	1	0	100
ASV19526	39	11	78	2	1	1	50
ASV19546	50	0	100	1	1	0	100
ASV19594	50	0	100	1	1	0	100
ASV19610	50	0	100	1	1	0	100
ASV19749	49	0	100	1	1	0	100
ASV19995	48	0	100	1	1	0	100
ASV20621	46	0	100	1	1	0	100
ASV20938	45	0	100	1	1	0	100
ASV21647	42	0	100	1	1	0	100
ASV21794	42	0	100	1	1	0	100
ASV21938	41	0	100	1	1	0	100
ASV22397	40	0	100	1	1	0	100
ASV22433	1	39	2.5	4	1	3	25
ASV22773	39	0	100	1	1	0	100
ASV23416	37	0	100	1	1	0	100
ASV23417	37	0	100	1	1	0	100
ASV23670	32	4	88.888889	2	1	1	50
ASV23798	36	0	100	1	1	0	100
ASV23799	36	0	100	1	1	0	100
ASV24082	8	27	22.857143	4	1	3	25
ASV24211	35	0	100	1	1	0	100
ASV24616	34	0	100	1	1	0	100
ASV24808	33	0	100	1	1	0	100
ASV25286	32	0	100	1	1	0	100
ASV25471	32	0	100	1	1	0	100
ASV25472	32	0	100	1	1	0	100
ASV25508	32	0	100	1	1	0	100
ASV25808	31	0	100	1	1	0	100
ASV25924	31	0	100	1	1	0	100
ASV26023	30	0	100	1	1	0	100
ASV26285	30	0	100	1	1	0	100
ASV26941	29	0	100	1	1	0	100
ASV26942	29	0	100	1	1	0	100
ASV26943	25	4	86.206897	2	1	1	50
ASV26980	29	0	100	1	1	0	100
ASV27158	20	8	71.428571	6	1	5	16.666666666666664
ASV27532	16	11	59.259259	3	1	2	33.33333333333333
ASV28164	12	14	46.153846	3	1	2	33.33333333333333
ASV28242	26	0	100	1	1	0	100
ASV28243	26	0	100	1	1	0	100
ASV28488	26	0	100	1	1	0	100
ASV30131	23	0	100	1	1	0	100
ASV30238	5	18	21.73913	3	1	2	33.33333333333333
ASV31102	22	0	100	1	1	0	100
ASV32611	20	0	100	1	1	0	100
ASV32612	20	0	100	1	1	0	100
ASV32613	20	0	100	1	1	0	100
ASV32796	1	18	5.263158	5	1	4	20
ASV33405	19	0	100	1	1	0	100
ASV33755	3	15	16.666667	6	1	5	16.666666666666664
ASV33823	12	6	66.666667	3	1	2	33.33333333333333
ASV34262	18	0	100	1	1	0	100
ASV34263	18	0	100	1	1	0	100
ASV35202	17	0	100	1	1	0	100
ASV35203	17	0	100	1	1	0	100
ASV35204	17	0	100	1	1	0	100
ASV35205	17	0	100	1	1	0	100
ASV35206	17	0	100	1	1	0	100
ASV35207	17	0	100	1	1	0	100
ASV36268	16	0	100	1	1	0	100
ASV36269	16	0	100	1	1	0	100
ASV36270	16	0	100	1	1	0	100
ASV36271	16	0	100	1	1	0	100
ASV36272	16	0	100	1	1	0	100
ASV36917	15	0	100	1	1	0	100
ASV37394	15	0	100	1	1	0	100
ASV37395	15	0	100	1	1	0	100
ASV37396	15	0	100	1	1	0	100
ASV37397	15	0	100	1	1	0	100
ASV38590	14	0	100	1	1	0	100
ASV38591	14	0	100	1	1	0	100
ASV38907	13	0	100	1	1	0	100
ASV39925	13	0	100	1	1	0	100
ASV39926	13	0	100	1	1	0	100
ASV39927	13	0	100	1	1	0	100
ASV39928	13	0	100	1	1	0	100
ASV39929	13	0	100	1	1	0	100
ASV39930	13	0	100	1	1	0	100
ASV39931	13	0	100	1	1	0	100
ASV39932	13	0	100	1	1	0	100
ASV40228	12	0	100	1	1	0	100
ASV41277	12	0	100	1	1	0	100
ASV41278	12	0	100	1	1	0	100
ASV41279	12	0	100	1	1	0	100
ASV41280	12	0	100	1	1	0	100
ASV42863	11	0	100	1	1	0	100
ASV42864	11	0	100	1	1	0	100
ASV42865	11	0	100	1	1	0	100
ASV42866	11	0	100	1	1	0	100
ASV42867	11	0	100	1	1	0	100
ASV43015	11	0	100	1	1	0	100
ASV44562	10	0	100	1	1	0	100
ASV44563	10	0	100	1	1	0	100
ASV46480	9	0	100	1	1	0	100
ASV46481	9	0	100	1	1	0	100
ASV46482	9	0	100	1	1	0	100
ASV46483	9	0	100	1	1	0	100
ASV47579	8	0	100	1	1	0	100
ASV48644	8	0	100	1	1	0	100
ASV48645	8	0	100	1	1	0	100
ASV48646	8	0	100	1	1	0	100
ASV48647	8	0	100	1	1	0	100
ASV48898	8	0	100	1	1	0	100
ASV51150	7	0	100	1	1	0	100
ASV51151	7	0	100	1	1	0	100
ASV51152	7	0	100	1	1	0	100
ASV51153	7	0	100	1	1	0	100
ASV52595	6	0	100	1	1	0	100
ASV53989	6	0	100	1	1	0	100
ASV53990	6	0	100	1	1	0	100
ASV54741	5	0	100	1	1	0	100
ASV56266	5	0	100	1	1	0	100
ASV57450	5	0	100	1	1	0	100
ASV57451	5	0	100	1	1	0	100
ASV61422	4	0	100	1	1	0	100
ASV61423	4	0	100	1	1	0	100
ASV61424	4	0	100	1	1	0	100
ASV66185	3	0	100	1	1	0	100
ASV67153	2	0	100	1	1	0	100
ASV67154	2	0	100	1	1	0	100
ASV69205	2	0	100	1	1	0	100
ASV71707	2	0	100	1	1	0	100
ASV71708	2	0	100	1	1	0	100
