SampleID	input	filtered	per_reads_kept
Control_25	1253	1133	0.904
Control_26	3289	2944	0.895
Control_27	2151	1716	0.798
Control_28	34332	8178	0.238
Control_29	1782	486	0.273
Control_30	1698	743	0.438
EP_A_AREN_GL_9195	32359	30658	0.947
EP_A_AREN_HP_9195	45509	42718	0.939
EP_A_AREN_MG_9195	18800	17616	0.937
EP_A_AREN_ST_9195	55455	51994	0.938
EP_A_FASC_EG_8993	28739	26728	0.93
EP_A_FASC_EG_9056	46338	42721	0.922
EP_A_FASC_GL_8992	5512	4825	0.875
EP_A_FASC_GL_8993	10962	10064	0.918
EP_A_FASC_GL_9020	19622	18626	0.949
EP_A_FASC_GL_9056	40660	38332	0.943
EP_A_FASC_HP_8992	29191	28158	0.965
EP_A_FASC_HP_8993	6001	5445	0.907
EP_A_FASC_HP_9020	27197	26114	0.96
EP_A_FASC_HP_9056	35896	33788	0.941
EP_A_FASC_MG_8992	22850	21716	0.95
EP_A_FASC_MG_8993	46054	44109	0.958
EP_A_FASC_MG_9020	25945	24679	0.951
EP_A_FASC_MG_9056	32973	31312	0.95
EP_A_FASC_ST_8992	69494	65129	0.937
EP_A_FASC_ST_8993	41024	38144	0.93
EP_A_FASC_ST_9020	60385	56838	0.941
EP_A_GALA_EG_8970	22606	20868	0.923
EP_A_GALA_EG_8972	37304	34526	0.926
EP_A_GALA_EG_8978	33488	31307	0.935
EP_A_GALA_GL_8970	34792	32813	0.943
EP_A_GALA_GL_8971	56292	52482	0.932
EP_A_GALA_GL_8972	39562	37605	0.951
EP_A_GALA_GL_8978	20483	19472	0.951
EP_A_GALA_GL_8979	34025	32483	0.955
EP_A_GALA_GL_9003	51294	48756	0.951
EP_A_GALA_HP_8970	40540	39034	0.963
EP_A_GALA_HP_8971	34512	33322	0.966
EP_A_GALA_HP_8972	44559	42679	0.958
EP_A_GALA_HP_8979	19120	18617	0.974
EP_A_GALA_HP_9003	43966	36857	0.838
EP_A_GALA_MG_8970	53460	50988	0.954
EP_A_GALA_MG_8971	42311	39791	0.94
EP_A_GALA_MG_8972	34903	33228	0.952
EP_A_GALA_MG_8978	42273	40313	0.954
EP_A_GALA_MG_8979	29464	28219	0.958
EP_A_GALA_MG_9003	31633	29883	0.945
EP_A_GALA_ST_8970	51759	49560	0.958
EP_A_GALA_ST_8971	25547	24385	0.955
EP_A_GALA_ST_8972	24987	24002	0.961
EP_A_GALA_ST_8979	45958	44207	0.962
EP_A_HEBE_EG_8986	32453	30646	0.944
EP_A_HEBE_EG_9350	50002	46173	0.923
EP_A_HEBE_GL_8937	23822	22530	0.946
EP_A_HEBE_GL_8938	55390	51575	0.931
EP_A_HEBE_GL_8984	29316	27617	0.942
EP_A_HEBE_GL_8985	19626	17829	0.908
EP_A_HEBE_GL_8986	2505	2333	0.931
EP_A_HEBE_GL_9350	32085	30444	0.949
EP_A_HEBE_HP_8937	4242	3367	0.794
EP_A_HEBE_HP_8938	30497	27990	0.918
EP_A_HEBE_HP_8984	19414	17701	0.912
EP_A_HEBE_HP_8985	19795	17211	0.869
EP_A_HEBE_HP_8986	27137	24781	0.913
EP_A_HEBE_HP_9350	25505	24548	0.962
EP_A_HEBE_MG_8937	21562	20671	0.959
EP_A_HEBE_MG_8938	27049	25779	0.953
EP_A_HEBE_MG_8984	28247	27018	0.956
EP_A_HEBE_MG_8985	30938	29450	0.952
EP_A_HEBE_MG_8986	23976	22938	0.957
EP_A_HEBE_MG_9350	16649	15959	0.959
EP_A_HEBE_ST_8937	2404	2236	0.93
EP_A_HEBE_ST_8938	33490	31064	0.928
EP_A_HEBE_ST_8984	31476	29547	0.939
EP_A_HEBE_ST_8985	46234	42714	0.924
EP_A_HEBE_ST_8986	50430	47386	0.94
EP_A_HYEY_EG_9045	28099	25967	0.924
EP_A_HYEY_EG_9199	25161	23358	0.928
EP_A_HYEY_GL_8960	17258	16482	0.955
EP_A_HYEY_GL_8963	27844	26443	0.95
EP_A_HYEY_GL_8964	34715	32357	0.932
EP_A_HYEY_GL_9011	27778	26142	0.941
EP_A_HYEY_GL_9045	32518	30706	0.944
EP_A_HYEY_GL_9047	40455	38339	0.948
EP_A_HYEY_GL_9198	44782	42585	0.951
EP_A_HYEY_GL_9199	12680	11970	0.944
EP_A_HYEY_HP_8963	25334	24507	0.967
EP_A_HYEY_HP_8964	25881	16420	0.634
EP_A_HYEY_HP_9011	17353	15945	0.919
EP_A_HYEY_HP_9045	23415	22765	0.972
EP_A_HYEY_HP_9047	47306	41698	0.881
EP_A_HYEY_HP_9198	26302	24568	0.934
EP_A_HYEY_HP_9199	15634	14523	0.929
EP_A_HYEY_MG_8963	33454	31931	0.954
EP_A_HYEY_MG_8964	25260	21993	0.871
EP_A_HYEY_MG_9011	21516	20353	0.946
EP_A_HYEY_MG_9045	14392	13642	0.948
EP_A_HYEY_MG_9047	31006	29525	0.952
EP_A_HYEY_MG_9198	45294	43373	0.958
EP_A_HYEY_MG_9199	5486	5211	0.95
EP_A_HYEY_ST_8963	27580	26218	0.951
EP_A_HYEY_ST_8964	35601	27480	0.772
EP_A_HYEY_ST_9011	42610	39784	0.934
EP_A_HYEY_ST_9045	38176	36654	0.96
EP_A_HYEY_ST_9047	24963	23496	0.941
EP_A_HYEY_ST_9198	37286	35110	0.942
EP_A_HYEY_ST_9199	34555	32626	0.944
EP_A_JAVI_EG_8943	32392	29893	0.923
EP_A_JAVI_GL_8943	57000	52043	0.913
EP_A_JAVI_HP_8943	14041	12746	0.908
EP_A_JAVI_MG_8943	17086	16325	0.955
EP_A_PANA_EG_8951	30878	29362	0.951
EP_A_PANA_EG_9021	32694	30747	0.94
EP_A_PANA_EG_9131	6392	6023	0.942
EP_A_PANA_GL_8951	25057	23311	0.93
EP_A_PANA_GL_9021	24952	23647	0.948
EP_A_PANA_HP_8951	3612	3509	0.971
EP_A_PANA_HP_9021	37167	35883	0.965
EP_A_PANA_MG_8951	44528	42265	0.949
EP_A_PANA_MG_9021	38070	36075	0.948
EP_A_ROST_GL_9075	21364	20268	0.949
EP_A_ROST_GL_9076	32512	30947	0.952
EP_A_ROST_GL_9115	22061	20647	0.936
EP_A_ROST_GL_9120	60935	56426	0.926
EP_A_ROST_GL_9121	28933	27635	0.955
EP_A_ROST_GL_9123	22338	21241	0.951
EP_A_ROST_HP_9075	22935	22050	0.961
EP_A_ROST_HP_9076	26717	25498	0.954
EP_A_ROST_HP_9115	16993	15077	0.887
EP_A_ROST_HP_9120	8033	7551	0.94
EP_A_ROST_HP_9121	28798	27367	0.95
EP_A_ROST_HP_9123	37040	35871	0.968
EP_A_ROST_MG_9075	2697	2534	0.94
EP_A_ROST_MG_9076	30757	28910	0.94
EP_A_ROST_MG_9115	32039	30482	0.951
EP_A_ROST_MG_9120	19276	18305	0.95
EP_A_ROST_MG_9121	21978	20775	0.945
EP_A_ROST_MG_9123	26135	24997	0.956
EP_A_ROST_ST_9075	42681	40039	0.938
EP_A_ROST_ST_9076	29203	27704	0.949
EP_A_ROST_ST_9120	25957	24189	0.932
EP_A_ROST_ST_9121	22440	21417	0.954
EP_A_ROST_ST_9123	34124	32576	0.955
EP_A_SAXI_EG_9233	26847	25433	0.947
EP_A_SAXI_EG_9241	32937	31244	0.949
EP_A_SAXI_EG_9249	50861	47728	0.938
EP_A_SAXI_EG_9250	28529	26886	0.942
EP_A_SAXI_EG_9253	31493	29587	0.939
EP_A_SAXI_EG_9255	34512	32094	0.93
EP_A_SAXI_GL_9233	41067	39188	0.954
EP_A_SAXI_GL_9241	22625	21550	0.952
EP_A_SAXI_GL_9247	44840	41850	0.933
EP_A_SAXI_GL_9249	22929	21807	0.951
EP_A_SAXI_GL_9250	28144	26752	0.951
EP_A_SAXI_GL_9253	36185	34009	0.94
EP_A_SAXI_GL_9255	31379	29585	0.943
EP_A_SAXI_GL_9259	35341	33291	0.942
EP_A_SAXI_HP_9233	9082	8813	0.97
EP_A_SAXI_HP_9241	29230	26741	0.915
EP_A_SAXI_HP_9247	10715	10135	0.946
EP_A_SAXI_HP_9250	6483	5952	0.918
EP_A_SAXI_HP_9253	9338	8632	0.924
EP_A_SAXI_HP_9255	15673	14832	0.946
EP_A_SAXI_HP_9259	16720	15804	0.945
EP_A_SAXI_MG_9233	41299	39510	0.957
EP_A_SAXI_MG_9241	35100	33183	0.945
EP_A_SAXI_MG_9247	48279	45839	0.949
EP_A_SAXI_MG_9249	22631	21005	0.928
EP_A_SAXI_MG_9253	31113	29056	0.934
EP_A_SAXI_MG_9255	25453	23610	0.928
EP_A_UMBO_GL_9127	68676	64497	0.939
EP_A_UMBO_HP_9127	32667	30735	0.941
EP_A_UMBO_MG_9127	28802	27235	0.946
EP_A_UMBO_ST_9127	31022	29479	0.95
EP_A_UTRI_EG_9067	30315	28467	0.939
EP_A_UTRI_EG_9268	37057	34940	0.943
EP_A_UTRI_GL_9067	36754	34494	0.939
EP_A_UTRI_GL_9267	20906	19620	0.938
EP_A_UTRI_GL_9268	31017	29352	0.946
EP_A_UTRI_GL_9272	28318	26792	0.946
EP_A_UTRI_HP_9067	34973	33428	0.956
EP_A_UTRI_HP_9267	34031	31962	0.939
EP_A_UTRI_HP_9268	42019	39393	0.938
EP_A_UTRI_HP_9272	38342	36001	0.939
EP_A_UTRI_MG_9067	38099	36188	0.95
EP_A_UTRI_MG_9267	24216	22734	0.939
EP_A_UTRI_MG_9268	29696	28047	0.944
EP_A_UTRI_ST_9067	49235	46650	0.947
EP_A_UTRI_ST_9267	8522	8013	0.94
EP_A_UTRI_ST_9272	23126	21677	0.937
