Sample_ID	input	screen_seqs	align_screen	remove_nc	nochim	no_contam
EP_A_AREN_EG_8651	17019	16262	16255	16255	14870	14870
EP_A_AREN_EG_8654	19586	18614	18611	18576	17356	17356
EP_A_AREN_EG_8698	13996	13327	13323	13314	12408	12408
EP_A_AREN_EG_9196	9741	7294	7292	7291	6480	6480
EP_A_AREN_GL_8465	8995	8313	8311	8306	7848	7848
EP_A_AREN_GL_8507	27436	25287	25279	25263	23423	23423
EP_A_AREN_GL_8508	9866	8839	8839	8836	8491	8490
EP_A_AREN_GL_8515	8081	7110	7110	7107	6572	6572
EP_A_AREN_GL_8520	9888	9381	9380	9277	8893	8891
EP_A_AREN_GL_8624	19816	18588	18586	18583	15563	15562
EP_A_AREN_GL_8625	34760	32019	32015	32003	30154	30154
EP_A_AREN_GL_8626	14100	13403	13402	13397	12388	12388
EP_A_AREN_GL_8627	8592	8216	8212	8211	7326	7326
EP_A_AREN_GL_8650	19245	17988	17780	17779	16421	16421
EP_A_AREN_GL_8651	14257	13664	13663	13663	12618	12618
EP_A_AREN_GL_8652	16722	15999	15996	15995	14190	14190
EP_A_AREN_GL_8654	247829	233451	233408	233018	220419	220404
EP_A_AREN_GL_8658	9791	9296	9296	9294	8720	8699
EP_A_AREN_GL_8697	23819	22022	22021	21979	20293	20293
EP_A_AREN_GL_8698	14698	13977	13971	13963	13718	13718
EP_A_AREN_GL_8699	18380	17478	17453	17452	16224	16224
EP_A_AREN_GL_9195	32359	30422	30422	30418	27264	27264
EP_A_AREN_GL_9196	7138	5316	5316	5315	4828	4828
EP_A_AREN_HP_8465	12222	11304	11299	11294	11119	11119
EP_A_AREN_HP_8507	34287	23938	23935	23515	22961	22961
EP_A_AREN_HP_8508	9244	8529	8520	8510	8293	8242
EP_A_AREN_HP_8515	19310	16388	16368	16280	16019	16019
EP_A_AREN_HP_8520	10560	9913	9912	9717	9611	9611
EP_A_AREN_HP_8624	15965	14554	14551	14551	12191	12191
EP_A_AREN_HP_8625	38631	37204	37204	37202	36060	36060
EP_A_AREN_HP_8626	24957	23356	23356	23299	22895	22895
EP_A_AREN_HP_8627	9639	9258	9252	9242	9004	9004
EP_A_AREN_HP_8650	21429	19881	19881	19842	19619	19619
EP_A_AREN_HP_8651	10972	9565	9534	9442	9276	9276
EP_A_AREN_HP_8652	12230	11169	11167	11156	10852	10852
EP_A_AREN_HP_8654	15241	14300	14299	14291	13950	13950
EP_A_AREN_HP_8658	7683	7150	7150	6997	6910	6910
EP_A_AREN_HP_8697	19761	17040	17022	16974	16926	16926
EP_A_AREN_HP_8698	199871	182384	182325	182020	175857	175837
EP_A_AREN_HP_8699	19284	17980	17967	17940	17446	17446
EP_A_AREN_HP_9195	45509	40411	40411	40364	39609	39609
EP_A_AREN_HP_9196	7813	5545	5545	5414	5262	5262
EP_A_AREN_MG_8465	6896	6343	6342	6338	6022	6018
EP_A_AREN_MG_8507	27773	26129	26127	25952	25339	25339
EP_A_AREN_MG_8508	14132	12654	12604	12572	12329	12329
EP_A_AREN_MG_8515	10891	9970	9968	9966	9692	9692
EP_A_AREN_MG_8520	14788	13298	13297	13149	13016	13016
EP_A_AREN_MG_8624	11524	10656	10627	10609	10372	10372
EP_A_AREN_MG_8625	27028	25841	25841	25841	25319	25319
EP_A_AREN_MG_8626	12860	11636	11635	11619	11351	11351
EP_A_AREN_MG_8627	8529	7011	7008	7006	6808	6808
EP_A_AREN_MG_8650	11932	10777	10705	10661	10565	10565
EP_A_AREN_MG_8651	13926	11410	11408	11395	11024	11024
EP_A_AREN_MG_8652	15416	13433	13424	13389	12954	12954
EP_A_AREN_MG_8654	8607	8068	8068	8063	7677	7677
EP_A_AREN_MG_8697	12970	12428	12426	12424	12268	12268
EP_A_AREN_MG_8698	6690	6101	6101	6077	6017	6013
EP_A_AREN_MG_8699	15765	14037	14023	14012	13421	13421
EP_A_AREN_MG_9195	18800	17125	17107	17100	16269	16269
EP_A_AREN_MG_9196	7540	5553	5550	5547	5246	5246
EP_A_AREN_ST_8465	7381	6970	6969	6968	6681	6681
EP_A_AREN_ST_8507	30381	27593	27570	27563	26613	26613
EP_A_AREN_ST_8508	10762	10050	10049	10047	9888	9888
EP_A_AREN_ST_8515	10640	9700	9693	9686	9489	9489
EP_A_AREN_ST_8520	14696	14073	14073	14073	13930	13930
EP_A_AREN_ST_8624	17262	16307	16302	16298	16012	16011
EP_A_AREN_ST_8625	19028	17905	17904	17902	17576	17576
EP_A_AREN_ST_8626	12365	11679	11674	11673	11029	11029
EP_A_AREN_ST_8627	3981	3614	3613	3611	3452	3452
EP_A_AREN_ST_8650	29336	27950	27947	27942	26836	26836
EP_A_AREN_ST_8651	4387	4214	4212	4212	4155	4155
EP_A_AREN_ST_8652	17941	16700	16699	16698	16083	16083
EP_A_AREN_ST_8654	18248	16948	16946	16908	15565	15565
EP_A_AREN_ST_8658	14463	13910	13910	13909	13651	13651
EP_A_AREN_ST_8697	16552	15722	15716	15705	14664	14664
EP_A_AREN_ST_8698	12635	11539	11537	11522	11046	11046
EP_A_AREN_ST_8699	10020	9581	9581	9581	9400	9400
EP_A_AREN_ST_9195	55455	50001	49996	49868	47277	47277
EP_A_AREN_ST_9196	9454	6855	6854	6651	6343	6343
EP_A_FASC_EG_8620	24360	22720	22720	22713	21614	21614
EP_A_FASC_EG_8989	20567	19463	19462	19458	18601	18601
EP_A_FASC_EG_8991	10299	7466	7465	7463	7033	7032
EP_A_FASC_EG_8993	28739	26169	26145	26112	25335	25330
EP_A_FASC_EG_9014	11466	7025	7021	7021	6190	6190
EP_A_FASC_EG_9016	9745	7372	7371	7370	6649	6649
EP_A_FASC_EG_9019	38182	18633	18630	18617	16932	16932
EP_A_FASC_EG_9051	16732	15941	15941	15888	15286	15286
EP_A_FASC_EG_9052	5192	3344	3335	3318	2998	2998
EP_A_FASC_EG_9053	19408	11730	11727	11724	10499	10499
EP_A_FASC_EG_9056	46338	43325	43308	43286	39849	39849
EP_A_FASC_EG_9057	37833	17504	17487	17485	16188	16188
EP_A_FASC_EG_9104	14169	10314	10307	10304	9752	9752
EP_A_FASC_GL_8614	65027	60055	60039	59488	59016	59016
EP_A_FASC_GL_8618	38873	36295	36276	36195	35239	35238
EP_A_FASC_GL_8620	36974	35108	35102	35014	33503	33503
EP_A_FASC_GL_8989	23379	22039	22039	22028	21450	21450
EP_A_FASC_GL_8990	12708	7915	7900	7880	7674	7674
EP_A_FASC_GL_8991	7983	5879	5878	5848	5690	5690
EP_A_FASC_GL_8992	5512	4804	4804	4473	4470	4470
EP_A_FASC_GL_8993	10962	10104	10104	9983	9934	9934
EP_A_FASC_GL_8996	22443	16503	16501	16475	15705	15705
EP_A_FASC_GL_9014	12296	9115	9114	9114	8126	8125
EP_A_FASC_GL_9016	7667	5779	5779	5731	5522	5522
EP_A_FASC_GL_9019	20979	16368	16368	16223	15752	15752
EP_A_FASC_GL_9020	19622	18515	18514	18508	16866	16866
EP_A_FASC_GL_9051	11754	10985	10982	10880	10406	10405
EP_A_FASC_GL_9052	6870	4233	4231	4146	3883	3881
EP_A_FASC_GL_9053	19834	11961	11961	11948	11429	11429
EP_A_FASC_GL_9056	40660	38191	38189	37839	36259	36259
EP_A_FASC_GL_9057	37340	16538	16534	16446	15995	15985
EP_A_FASC_GL_9104	13959	8910	8909	8782	8685	8685
EP_A_FASC_GL_9107	13581	12908	12907	12866	12683	12683
EP_A_FASC_HP_8614	84931	78767	78767	78744	78674	78674
EP_A_FASC_HP_8618	23835	19426	19425	18935	18717	18717
EP_A_FASC_HP_8620	44647	41617	41614	40874	39855	39855
EP_A_FASC_HP_8989	83400	79406	79405	79401	79355	79355
EP_A_FASC_HP_8990	12628	7992	7992	7954	7799	7799
EP_A_FASC_HP_8991	7943	5907	5905	5768	5693	5693
EP_A_FASC_HP_8992	29191	26521	26521	26453	25348	25348
EP_A_FASC_HP_8993	6001	5155	5155	5105	5041	5041
EP_A_FASC_HP_8996	21526	18020	18019	18009	17814	17813
EP_A_FASC_HP_9014	16502	10091	10082	9980	9824	9824
EP_A_FASC_HP_9016	12909	9421	9420	9316	9005	9005
EP_A_FASC_HP_9019	31178	14816	14815	14330	14259	14259
EP_A_FASC_HP_9020	27197	25739	25738	25730	25656	25656
EP_A_FASC_HP_9051	8785	8025	8024	7840	7757	7757
EP_A_FASC_HP_9052	5892	3667	3665	3595	3463	3463
EP_A_FASC_HP_9053	19657	11756	11756	11754	11628	11628
EP_A_FASC_HP_9056	35896	33563	33560	33183	32834	32834
EP_A_FASC_HP_9057	31080	13988	13988	13974	13628	13628
EP_A_FASC_HP_9104	10841	6732	6732	6731	6699	6699
EP_A_FASC_HP_9107	170149	153805	153775	145630	142169	142167
EP_A_FASC_MG_8614	58403	54863	54861	54861	51987	51987
EP_A_FASC_MG_8618	36886	35316	35315	35314	33998	33998
EP_A_FASC_MG_8620	41108	39338	39335	39335	37966	37966
EP_A_FASC_MG_8989	19965	18042	18041	18041	17682	17681
EP_A_FASC_MG_8990	11272	7104	7104	7104	6873	6873
EP_A_FASC_MG_8991	10500	7812	7811	7811	7585	7585
EP_A_FASC_MG_8992	22850	21544	21543	21543	20915	20915
EP_A_FASC_MG_8993	46054	43325	43323	43310	41567	41567
EP_A_FASC_MG_8996	24194	15546	15546	15546	14773	14773
EP_A_FASC_MG_9014	18325	11575	11573	11573	11444	11444
EP_A_FASC_MG_9016	10127	7469	7469	7469	7256	7256
EP_A_FASC_MG_9019	44833	19320	19320	19318	18712	18712
EP_A_FASC_MG_9020	25945	24183	24162	24162	22718	22718
EP_A_FASC_MG_9051	211356	198837	198809	198213	193443	193170
EP_A_FASC_MG_9052	6460	4117	4117	4116	4060	4060
EP_A_FASC_MG_9053	19190	11545	11545	11544	11155	11155
EP_A_FASC_MG_9056	32973	31001	31001	30999	30345	30345
EP_A_FASC_MG_9057	38414	16999	16999	16996	16740	16740
EP_A_FASC_MG_9104	21119	12789	12789	12788	12303	12303
EP_A_FASC_MG_9107	29627	28147	28147	28146	27281	27281
EP_A_FASC_ST_8614	51193	47783	47776	47767	46484	46484
EP_A_FASC_ST_8618	31831	29948	29946	29776	29337	29337
EP_A_FASC_ST_8620	37366	33571	33571	33470	32424	32424
EP_A_FASC_ST_8989	22632	20702	20695	20683	19526	19526
EP_A_FASC_ST_8990	9793	6741	6738	6736	6345	6335
EP_A_FASC_ST_8991	5627	3928	3870	3862	3770	3770
EP_A_FASC_ST_8992	69494	58114	57976	57721	55824	55824
EP_A_FASC_ST_8993	41024	31478	31474	30912	30514	30514
EP_A_FASC_ST_8996	34319	24706	24704	24678	23821	23807
EP_A_FASC_ST_9014	17340	12218	12208	12184	11920	11920
EP_A_FASC_ST_9016	8106	6091	6090	5951	5849	5849
EP_A_FASC_ST_9019	45261	18424	18422	18358	17794	17763
EP_A_FASC_ST_9020	60385	55877	55873	55843	55028	55028
EP_A_FASC_ST_9051	10587	10091	10090	10065	9888	9888
EP_A_FASC_ST_9052	3714	2575	2574	2572	2497	2497
EP_A_FASC_ST_9053	12209	8500	8500	8500	8254	8254
EP_A_FASC_ST_9057	39145	17036	17028	17026	16528	16528
EP_A_GALA_EG_7265	29925	28454	28452	28452	26209	26195
EP_A_GALA_EG_7367	25913	24680	24675	24674	22799	22626
EP_A_GALA_EG_7370	4633	4333	4331	4331	4149	4144
EP_A_GALA_EG_8970	22606	21014	21001	20999	19395	19395
EP_A_GALA_EG_8972	37304	34809	34802	34799	32652	32643
EP_A_GALA_EG_8978	33488	30546	30531	30480	29182	29182
EP_A_GALA_EG_8980	20053	13365	13360	13360	12236	12236
EP_A_GALA_EG_9164	48688	23709	23677	23636	22457	22447
EP_A_GALA_EG_9186	36889	16182	16164	16077	15035	15034
EP_A_GALA_GL_7265	30092	27820	27814	27697	26663	26653
EP_A_GALA_GL_7365	15115	13200	13195	13152	12453	12452
EP_A_GALA_GL_7366	20325	19484	19483	19475	18295	17468
EP_A_GALA_GL_7367	18838	17554	17554	17546	16294	16294
EP_A_GALA_GL_7368	18894	17611	17610	17608	16470	16467
EP_A_GALA_GL_7369	21818	20695	20690	20682	19211	18696
EP_A_GALA_GL_7370	27800	25223	25212	25212	23705	23699
EP_A_GALA_GL_8661	33948	32156	32152	32143	29893	29893
EP_A_GALA_GL_8970	34792	32308	32276	32273	30256	30256
EP_A_GALA_GL_8971	56292	52246	52231	52174	51475	51475
EP_A_GALA_GL_8972	39562	36729	36717	36712	33819	33812
EP_A_GALA_GL_8975	15530	11863	11856	11855	10714	10714
EP_A_GALA_GL_8978	20483	19218	19217	19155	17352	17352
EP_A_GALA_GL_8979	34025	32233	32213	32207	30247	30247
EP_A_GALA_GL_8980	24742	15412	15402	15402	14247	14247
EP_A_GALA_GL_9003	51294	48209	48190	48177	45056	44975
EP_A_GALA_GL_9079	25099	15114	15113	15085	14667	14667
EP_A_GALA_GL_9164	44737	20182	20173	20149	19798	19790
EP_A_GALA_GL_9186	52345	23933	23906	23784	22767	22759
EP_A_GALA_HP_7265	45382	42856	42855	42854	42566	42566
EP_A_GALA_HP_7365	26541	25293	25292	25292	25054	25054
EP_A_GALA_HP_7366	26995	25757	25756	25749	25718	25718
EP_A_GALA_HP_7367	23756	22906	22906	22904	22902	22902
EP_A_GALA_HP_7368	19995	18924	18924	18744	18606	18606
EP_A_GALA_HP_7369	25548	24364	24364	24364	24304	24304
EP_A_GALA_HP_7370	37793	36513	36513	36512	36490	36490
EP_A_GALA_HP_8661	39311	37530	37506	37474	35713	35713
EP_A_GALA_HP_8970	40540	37962	37958	37949	37732	37732
EP_A_GALA_HP_8971	34512	32686	32684	32683	32651	32651
EP_A_GALA_HP_8972	44559	42284	42284	42282	42070	42070
EP_A_GALA_HP_8975	8765	6515	6515	6511	6509	6509
EP_A_GALA_HP_8979	19120	18266	18266	18266	18265	18265
EP_A_GALA_HP_8980	19841	11493	11490	11487	11463	11463
EP_A_GALA_HP_9003	43966	36073	36064	34559	33941	33941
EP_A_GALA_HP_9164	29474	12707	12707	12707	12707	12707
EP_A_GALA_HP_9186	36622	15579	15579	15579	15579	15579
EP_A_GALA_MG_7265	50617	48322	48318	48318	45283	45283
EP_A_GALA_MG_7365	20061	18649	18649	18649	17435	17435
EP_A_GALA_MG_7366	20706	18796	18796	18796	18172	18172
EP_A_GALA_MG_7367	29324	28312	28312	28312	26916	26916
EP_A_GALA_MG_7368	26373	25067	25066	25065	24560	24560
EP_A_GALA_MG_7369	20449	19121	19121	19121	18559	18559
EP_A_GALA_MG_7370	17244	16624	16624	16624	16236	16236
EP_A_GALA_MG_8661	32388	30343	30339	30330	29151	29151
EP_A_GALA_MG_8970	53460	49951	49951	49951	48190	48190
EP_A_GALA_MG_8971	42311	39096	38912	38910	36478	36477
EP_A_GALA_MG_8972	34903	32796	32795	32795	31440	31440
EP_A_GALA_MG_8975	12182	9048	9047	9047	8782	8782
EP_A_GALA_MG_8978	42273	39872	39201	39199	37042	37042
EP_A_GALA_MG_8979	29464	27824	27820	27820	26811	26809
EP_A_GALA_MG_8980	21509	14817	14816	14816	14472	14472
EP_A_GALA_MG_9003	31633	29571	29570	29570	27843	27843
EP_A_GALA_MG_9079	20938	12863	12858	12858	12438	12436
EP_A_GALA_MG_9164	25755	12110	12108	12102	11593	11593
EP_A_GALA_MG_9186	37831	16940	16937	16935	15503	15503
EP_A_GALA_ST_7265	47956	45956	45952	45949	44438	44433
EP_A_GALA_ST_7365	23352	22390	22387	22387	21583	21583
EP_A_GALA_ST_7366	33919	31177	31174	31159	30460	30460
EP_A_GALA_ST_7367	21082	20011	20009	19997	19406	19399
EP_A_GALA_ST_7368	24851	22746	22743	22735	21680	21680
EP_A_GALA_ST_7369	33644	32331	32326	32315	31207	31205
EP_A_GALA_ST_7370	22719	22107	22107	22099	21888	21888
EP_A_GALA_ST_8661	34174	31733	31732	31731	29203	29203
EP_A_GALA_ST_8970	51759	48164	48156	48151	47649	47649
EP_A_GALA_ST_8971	25547	23991	23969	23968	23252	23252
EP_A_GALA_ST_8972	24987	23622	23619	23616	23301	23301
EP_A_GALA_ST_8975	13914	10627	10624	10620	10374	10374
EP_A_GALA_ST_8979	45958	42516	42511	42507	41390	41390
EP_A_GALA_ST_8980	28028	16489	16484	16482	15771	15771
EP_A_GALA_ST_9079	6570	4146	4146	4146	4097	4097
EP_A_GALA_ST_9164	32885	15262	15262	15260	15028	15028
EP_A_GALA_ST_9186	23124	17645	17613	17612	17089	17089
EP_A_HEBE_EG_7359	22285	20520	20515	20515	18940	18940
EP_A_HEBE_EG_8629	25504	24483	24477	24473	23120	23120
EP_A_HEBE_EG_8986	32453	30134	30121	29908	29421	29421
EP_A_HEBE_EG_9349	21842	12562	12552	12552	11601	11601
EP_A_HEBE_EG_9350	50002	46447	46433	46409	43642	43642
EP_A_HEBE_GL_7357	11926	10905	10904	10773	10630	10630
EP_A_HEBE_GL_7358	25722	24205	24194	23892	23338	23338
EP_A_HEBE_GL_7359	29611	28007	28005	27957	26931	26931
EP_A_HEBE_GL_7360	21395	20187	20187	20113	19697	19697
EP_A_HEBE_GL_8628	10422	9869	9862	9856	9486	9486
EP_A_HEBE_GL_8629	16076	15140	15140	15027	14868	14868
EP_A_HEBE_GL_8936	45155	26267	26261	26244	24666	24666
EP_A_HEBE_GL_8937	23822	22327	22327	22186	21486	21486
EP_A_HEBE_GL_8938	55390	51650	51632	51561	48907	48907
EP_A_HEBE_GL_8983	9757	7436	7434	7416	6955	6955
EP_A_HEBE_GL_8984	29316	27476	27471	25723	25317	25317
EP_A_HEBE_GL_8985	19626	17985	17983	17402	17267	17267
EP_A_HEBE_GL_8986	2505	2331	2330	2319	2295	2295
EP_A_HEBE_GL_8987	11201	7935	7934	7806	7723	7723
EP_A_HEBE_GL_9349	19013	11611	11610	11562	11166	11166
EP_A_HEBE_GL_9350	32085	29891	29889	29728	28246	28246
EP_A_HEBE_HP_7357	23076	21858	21857	21766	21594	21594
EP_A_HEBE_HP_7358	22280	21042	21026	20853	20685	20685
EP_A_HEBE_HP_7359	28243	26723	26722	26635	26133	26133
EP_A_HEBE_HP_7360	11649	10709	10709	10325	10238	10238
EP_A_HEBE_HP_8628	12228	11621	11621	11616	11472	11472
EP_A_HEBE_HP_8629	17812	17118	17117	17030	16849	16849
EP_A_HEBE_HP_8936	22967	18602	18601	18557	18274	18274
EP_A_HEBE_HP_8937	4242	3124	3124	2650	2649	2649
EP_A_HEBE_HP_8938	30497	28137	28137	27615	27464	27464
EP_A_HEBE_HP_8983	7234	5518	5518	5498	5439	5439
EP_A_HEBE_HP_8984	19414	17881	17881	16627	16566	16566
EP_A_HEBE_HP_8985	19795	18092	18090	17698	17510	17510
EP_A_HEBE_HP_8986	27137	24362	24360	23659	23481	23229
EP_A_HEBE_HP_8987	18466	12076	12076	12074	12000	12000
EP_A_HEBE_HP_9349	18882	10773	10773	10680	10466	10466
EP_A_HEBE_HP_9350	25505	24020	24017	23546	23420	23420
EP_A_HEBE_MG_7357	20376	19540	19540	19538	17805	17805
EP_A_HEBE_MG_7358	11479	10955	10955	10952	10743	10743
EP_A_HEBE_MG_7359	16179	15141	15141	15140	14906	14906
EP_A_HEBE_MG_7360	17367	16640	16640	16638	15365	15365
EP_A_HEBE_MG_8628	6347	6154	6154	6154	6089	6089
EP_A_HEBE_MG_8629	12117	11627	11627	11626	11568	11568
EP_A_HEBE_MG_8936	38235	19769	19762	19742	19307	19307
EP_A_HEBE_MG_8937	21562	20470	20470	20470	20453	20453
EP_A_HEBE_MG_8938	27049	25605	25604	25604	25415	25415
EP_A_HEBE_MG_8983	10012	7729	7728	7728	7677	7677
EP_A_HEBE_MG_8984	28247	26758	26758	26753	26576	26576
EP_A_HEBE_MG_8985	30938	29074	29073	29067	28859	28859
EP_A_HEBE_MG_8986	23976	22738	22738	22736	22474	22472
EP_A_HEBE_MG_8987	25642	17135	17132	17131	16491	16491
EP_A_HEBE_MG_9349	16321	10006	10006	10000	9873	9873
EP_A_HEBE_MG_9350	16649	15630	15630	15627	15578	15578
EP_A_HEBE_ST_7357	35880	34315	34315	34211	33820	33820
EP_A_HEBE_ST_7358	27488	26111	26108	26074	25272	25272
EP_A_HEBE_ST_7359	16320	14749	14744	14592	14360	14360
EP_A_HEBE_ST_7360	18962	18077	18075	18036	17415	17415
EP_A_HEBE_ST_8628	15748	15053	15051	14948	14496	14496
EP_A_HEBE_ST_8629	19290	18420	18420	18417	18320	18320
EP_A_HEBE_ST_8936	50148	21364	21359	21342	20281	20280
EP_A_HEBE_ST_8937	2404	2212	2211	2144	2136	2136
EP_A_HEBE_ST_8938	33490	31112	31109	30027	28591	28591
EP_A_HEBE_ST_8983	12062	9131	9127	9036	8418	8418
EP_A_HEBE_ST_8984	31476	29369	29366	29281	28352	28352
EP_A_HEBE_ST_8985	46234	41924	41915	41865	40566	40566
EP_A_HEBE_ST_8986	50430	46721	46084	45964	43791	43789
EP_A_HEBE_ST_8987	30402	19211	19209	19159	18522	18522
EP_A_HEBE_ST_9349	15094	8327	8327	8295	7972	7972
EP_A_HEPH_GL_8925	14808	13944	13942	13920	13437	13437
EP_A_HEPH_HP_8925	8135	7558	7558	7538	7498	7498
EP_A_HEPH_MG_8925	11243	10496	10490	10482	10103	10103
EP_A_HEPH_ST_8925	16210	13990	13981	13931	13433	13433
EP_A_HYEY_EG_8955	6107	4604	4599	4599	4362	4362
EP_A_HYEY_EG_8957	40302	17760	17760	17760	15637	15637
EP_A_HYEY_EG_8959	14402	10574	10571	10564	10242	10239
EP_A_HYEY_EG_8962	40887	16473	16465	16463	15432	15432
EP_A_HYEY_EG_9013	18725	13598	13594	13594	12501	12501
EP_A_HYEY_EG_9045	28099	26202	26189	26185	23000	23000
EP_A_HYEY_EG_9199	25161	22813	22805	22636	21998	21998
EP_A_HYEY_GL_8881	60496	56460	56453	56425	52810	52810
EP_A_HYEY_GL_8955	12504	9620	9620	9620	8803	8803
EP_A_HYEY_GL_8956	35230	17072	17069	17069	15525	15525
EP_A_HYEY_GL_8957	51349	23332	23328	23328	20913	20913
EP_A_HYEY_GL_8958	37283	18454	18453	18453	16470	16470
EP_A_HYEY_GL_8959	18055	13697	13691	13682	12626	12626
EP_A_HYEY_GL_8960	17258	16048	16022	15976	15505	15495
EP_A_HYEY_GL_8961	11971	8900	8883	8881	8513	8502
EP_A_HYEY_GL_8962	16420	12512	12512	12512	11103	11103
EP_A_HYEY_GL_8963	27844	26318	26314	26314	24111	24111
EP_A_HYEY_GL_8964	34715	31904	31886	31886	27242	27240
EP_A_HYEY_GL_9009	31112	16472	16471	16448	14884	14884
EP_A_HYEY_GL_9011	27778	26079	26076	26067	23221	23221
EP_A_HYEY_GL_9013	43314	20037	20035	20034	18603	18602
EP_A_HYEY_GL_9045	32518	30705	30704	30703	26923	26923
EP_A_HYEY_GL_9046	48383	24310	24308	24302	21529	21529
EP_A_HYEY_GL_9047	40455	37489	37489	37488	32110	32110
EP_A_HYEY_GL_9198	44782	42074	42071	42061	37432	37431
EP_A_HYEY_GL_9199	12680	11611	11607	11508	9607	9545
EP_A_HYEY_HP_8881	19614	17494	17484	17096	17014	17014
EP_A_HYEY_HP_8955	9237	7109	7109	7096	6950	6950
EP_A_HYEY_HP_8956	42652	20591	20591	20572	20135	20135
EP_A_HYEY_HP_8957	28181	12432	12432	12432	12145	12145
EP_A_HYEY_HP_8958	32786	14327	14327	14325	13753	13753
EP_A_HYEY_HP_8959	17981	13561	13561	13556	12954	12954
EP_A_HYEY_HP_8960	28423	12547	12547	12545	12392	12392
EP_A_HYEY_HP_8961	8691	6555	6555	6554	6445	6445
EP_A_HYEY_HP_8962	8351	6391	6388	6384	6193	6193
EP_A_HYEY_HP_8963	25334	24168	24168	24165	24005	24005
EP_A_HYEY_HP_8964	25881	22368	22368	22347	21588	21588
EP_A_HYEY_HP_9009	30245	14567	14566	14220	14086	14086
EP_A_HYEY_HP_9011	17353	15882	15880	15666	15548	15548
EP_A_HYEY_HP_9013	51026	23976	23976	23833	22404	22404
EP_A_HYEY_HP_9045	23415	22302	22302	22292	22282	22282
EP_A_HYEY_HP_9046	53556	24438	24432	24086	23700	23700
EP_A_HYEY_HP_9047	47306	43258	43257	43250	41963	41963
EP_A_HYEY_HP_9198	26302	23536	23534	23273	22869	22869
EP_A_HYEY_HP_9199	15634	14237	14237	14147	14121	14121
EP_A_HYEY_MG_8881	29292	27843	27843	27842	27322	27322
EP_A_HYEY_MG_8955	4100	3063	3063	3063	2986	2986
EP_A_HYEY_MG_8956	35266	16836	16833	16833	16109	16109
EP_A_HYEY_MG_8957	29674	12866	12865	12865	12398	12398
EP_A_HYEY_MG_8958	33827	17164	17163	17163	16802	16802
EP_A_HYEY_MG_8959	10087	7826	7826	7826	7634	7634
EP_A_HYEY_MG_8960	44265	23574	23574	23574	23385	23385
EP_A_HYEY_MG_8961	11490	8779	8767	8767	8283	8283
EP_A_HYEY_MG_8962	7874	5839	5839	5839	5622	5622
EP_A_HYEY_MG_8963	33454	31264	31262	31259	29520	29517
EP_A_HYEY_MG_8964	25260	23234	23234	23232	22234	22234
EP_A_HYEY_MG_9009	38148	20306	20304	20302	20008	20008
EP_A_HYEY_MG_9011	21516	20238	20235	20235	19945	19945
EP_A_HYEY_MG_9013	45129	23552	23552	23552	23384	23384
EP_A_HYEY_MG_9045	14392	13560	13560	13560	13019	13019
EP_A_HYEY_MG_9046	41446	16822	16819	16818	16537	16537
EP_A_HYEY_MG_9047	31006	28924	28923	28923	28013	28013
EP_A_HYEY_MG_9198	45294	42783	42755	42755	41661	41661
EP_A_HYEY_MG_9199	5486	5125	5124	5123	4907	4906
EP_A_HYEY_ST_8881	36893	30565	30562	30547	29427	29426
EP_A_HYEY_ST_8955	5570	3879	3878	3877	3704	3703
EP_A_HYEY_ST_8956	30486	14781	14754	14753	14199	14199
EP_A_HYEY_ST_8957	28579	12982	12981	12981	12674	12674
EP_A_HYEY_ST_8958	47806	22305	22300	22288	21588	21588
EP_A_HYEY_ST_8959	8339	6354	6353	6353	6153	6153
EP_A_HYEY_ST_8960	33621	14822	14821	14818	14423	14423
EP_A_HYEY_ST_8961	9934	7585	7491	7491	7224	7224
EP_A_HYEY_ST_8962	10365	6856	6855	6854	6398	6398
EP_A_HYEY_ST_8963	27580	25102	25088	25087	23458	23455
EP_A_HYEY_ST_8964	35601	30303	30298	30289	29189	29189
EP_A_HYEY_ST_9009	48536	20952	20948	20915	19805	19804
EP_A_HYEY_ST_9011	42610	34045	33891	33846	32121	32121
EP_A_HYEY_ST_9013	40392	19085	19083	19074	18237	18236
EP_A_HYEY_ST_9045	38176	35882	35880	35839	35164	35160
EP_A_HYEY_ST_9046	37725	16754	16749	16706	16083	16078
EP_A_HYEY_ST_9047	24963	22900	22899	22896	21999	21999
EP_A_HYEY_ST_9198	37286	31988	31980	31975	30559	30559
EP_A_HYEY_ST_9199	34555	31655	31650	31634	29697	29697
EP_A_JAVI_EG_7304	29324	16955	16944	16940	16509	16509
EP_A_JAVI_EG_7381	23280	21862	21858	21857	19894	19894
EP_A_JAVI_EG_8360	34264	31740	31737	31736	30123	30123
EP_A_JAVI_EG_8377	11468	10862	10862	10859	10116	10116
EP_A_JAVI_EG_8939	59348	26903	26902	26902	24689	24689
EP_A_JAVI_EG_8943	32392	30276	30272	30267	28267	28267
EP_A_JAVI_GL_7264	28812	27006	27003	26999	26004	26004
EP_A_JAVI_GL_7270	30316	29228	29225	29224	28816	28816
EP_A_JAVI_GL_7277	41192	39456	39451	39268	37272	37270
EP_A_JAVI_GL_7280	30306	28364	28363	28310	27237	27237
EP_A_JAVI_GL_7281	28975	26779	26777	26492	25899	25899
EP_A_JAVI_GL_7286	13655	12525	12523	11622	11555	11555
EP_A_JAVI_GL_7304	38369	36015	36011	35755	35212	35212
EP_A_JAVI_GL_7318	27461	25140	25138	25130	23896	23892
EP_A_JAVI_GL_7381	22223	21146	21144	21119	20576	20576
EP_A_JAVI_GL_8357	11652	10884	10882	10859	10067	10066
EP_A_JAVI_GL_8359	46527	42704	42699	42692	40259	40259
EP_A_JAVI_GL_8360	45459	43566	43563	43502	42006	42006
EP_A_JAVI_GL_8376	7910	7524	7523	7520	7211	7211
EP_A_JAVI_GL_8377	11277	10691	10691	10683	9844	9844
EP_A_JAVI_GL_8379	44988	41958	41952	41916	40984	40901
EP_A_JAVI_GL_8394	5360	4800	4800	4617	4604	4604
EP_A_JAVI_GL_8939	31147	14884	14884	14877	14290	14290
EP_A_JAVI_GL_8940	18880	13635	13631	13618	12743	12743
EP_A_JAVI_GL_8943	57000	52967	52965	51929	51139	51139
EP_A_JAVI_GL_8981	7086	5302	5302	5246	5189	5189
EP_A_JAVI_HP_7264	48458	44879	44878	44653	43974	43974
EP_A_JAVI_HP_7270	11790	9903	9901	9652	9599	9599
EP_A_JAVI_HP_7277	20148	18516	17695	17690	17140	17140
EP_A_JAVI_HP_7280	8347	7662	7660	6955	6930	6930
EP_A_JAVI_HP_7281	17379	13612	13611	12587	12559	12559
EP_A_JAVI_HP_7286	8302	7313	7311	6743	6724	6724
EP_A_JAVI_HP_7304	27360	25220	25219	24815	24627	24627
EP_A_JAVI_HP_7318	35580	33220	33215	32903	32113	32113
EP_A_JAVI_HP_7381	21638	20678	20676	19652	19418	19418
EP_A_JAVI_HP_8357	11052	10132	10132	10113	9702	9702
EP_A_JAVI_HP_8359	32395	30413	30411	30168	29815	29815
EP_A_JAVI_HP_8360	17889	16408	16405	16261	16115	16115
EP_A_JAVI_HP_8376	6941	6377	6377	6373	6317	6316
EP_A_JAVI_HP_8377	14822	13772	13771	13693	13472	13472
EP_A_JAVI_HP_8379	16695	15520	15516	14662	14592	14592
EP_A_JAVI_HP_8394	7022	6145	6145	5778	5747	5747
EP_A_JAVI_HP_8939	29900	14564	14562	14562	13495	13495
EP_A_JAVI_HP_8940	15298	10528	10525	10212	10077	10077
EP_A_JAVI_HP_8943	14041	12988	12986	12660	12644	12644
EP_A_JAVI_HP_8981	8993	6714	6714	6648	6631	6631
EP_A_JAVI_MG_7264	48530	46700	46698	46698	45908	45908
EP_A_JAVI_MG_7270	29671	27367	27366	27364	26555	26555
EP_A_JAVI_MG_7277	17504	16220	16218	16217	15403	15403
EP_A_JAVI_MG_7280	27428	26335	26334	26329	25351	25351
EP_A_JAVI_MG_7281	43518	41631	41630	41629	38565	38565
EP_A_JAVI_MG_7286	21004	20260	20260	20260	20203	20203
EP_A_JAVI_MG_7304	30921	28980	28980	28979	28901	28901
EP_A_JAVI_MG_7318	31616	30307	30307	30306	28920	28920
EP_A_JAVI_MG_7381	19268	18496	18496	18477	18025	18025
EP_A_JAVI_MG_8357	9539	8940	8939	8911	8698	8698
EP_A_JAVI_MG_8359	56289	53457	53455	53453	52535	52535
EP_A_JAVI_MG_8360	25635	24621	24621	24619	24390	24390
EP_A_JAVI_MG_8376	213618	198935	198916	197387	186024	186014
EP_A_JAVI_MG_8377	12452	11296	11296	11296	10897	10897
EP_A_JAVI_MG_8379	26397	24540	24538	24536	23900	23899
EP_A_JAVI_MG_8394	15424	14801	14801	14799	14406	14406
EP_A_JAVI_MG_8939	42442	29025	29025	29025	28997	28997
EP_A_JAVI_MG_8940	12210	8545	8542	8542	8278	8278
EP_A_JAVI_MG_8943	17086	16251	16250	16245	16138	16138
EP_A_JAVI_MG_8981	15593	11780	11780	11780	11212	11212
EP_A_JAVI_ST_7264	46873	43122	43111	43077	41717	41717
EP_A_JAVI_ST_7270	54097	50292	50285	50252	48734	48734
EP_A_JAVI_ST_7277	25062	23193	23190	23180	22373	22373
EP_A_JAVI_ST_7280	23822	22018	22014	21970	21435	21435
EP_A_JAVI_ST_7281	48451	46006	46004	45879	44765	44765
EP_A_JAVI_ST_7286	29454	26337	26333	26168	25854	25854
EP_A_JAVI_ST_7304	32458	24251	24235	23974	23620	23620
EP_A_JAVI_ST_7318	28979	25171	25171	25043	24778	24778
EP_A_JAVI_ST_7381	38919	37233	37230	37216	34745	34745
EP_A_JAVI_ST_8357	283107	255017	254836	253980	245019	244661
EP_A_JAVI_ST_8359	41801	39032	39026	38760	38065	38065
EP_A_JAVI_ST_8360	16844	15590	15590	15541	14968	14968
EP_A_JAVI_ST_8376	11971	11141	11141	11120	10949	10949
EP_A_JAVI_ST_8377	11775	10745	10744	10726	10423	10423
EP_A_JAVI_ST_8379	28487	25315	25278	25197	24291	24291
EP_A_JAVI_ST_8394	15908	15117	15117	15033	14697	14697
EP_A_JAVI_ST_8939	36926	18918	18917	18875	18001	18001
EP_A_JAVI_ST_8940	24752	15439	15425	15408	14925	14921
EP_A_JAVI_ST_8981	12108	6385	6333	6304	6181	6181
EP_A_MILL_EG_7336	11425	10848	10843	10654	10585	10585
EP_A_MILL_GL_7335	17835	17166	17157	17155	16168	16160
EP_A_MILL_GL_7336	12502	11705	11700	11663	11276	11276
EP_A_MILL_HP_7335	13859	11857	11855	11721	11587	11587
EP_A_MILL_HP_7336	5452	4427	4427	4246	4222	4222
EP_A_MILL_MG_7335	10068	9276	9276	9276	8860	8860
EP_A_MILL_MG_7336	8469	7748	7748	7748	7257	7257
EP_A_MILL_ST_7335	20749	19720	19719	19668	18967	18967
EP_A_MILL_ST_7336	22375	19945	19943	19916	19507	19507
EP_A_PANA_EG_7327	19213	18311	18311	18310	17516	17516
EP_A_PANA_EG_8353	13381	12640	12636	12635	11892	11891
EP_A_PANA_EG_8792	9645	9234	9234	9234	8962	8962
EP_A_PANA_EG_8948	19719	12173	12169	12169	11180	11180
EP_A_PANA_EG_8951	30878	29246	29239	29238	25825	25825
EP_A_PANA_EG_9021	32694	30041	30035	30005	27191	27191
EP_A_PANA_EG_9131	6392	6015	6015	6015	5430	5430
EP_A_PANA_EG_9264	41579	18165	18164	18162	15910	15910
EP_A_PANA_EG_9332	33388	14585	14585	14585	12803	12803
EP_A_PANA_EG_9338	18087	11004	11001	11001	9705	9704
EP_A_PANA_EG_9339	3697	2291	2291	2291	2111	2111
EP_A_PANA_GL_7322	16368	15297	15297	15290	14777	14775
EP_A_PANA_GL_7326	23896	22783	22781	22780	22280	22280
EP_A_PANA_GL_7327	18908	17455	17452	17428	16951	16951
EP_A_PANA_GL_7329	18100	17278	17278	17274	16181	16178
EP_A_PANA_GL_7330	14118	13090	13090	13089	12640	12639
EP_A_PANA_GL_7331	37890	35957	35954	35948	33904	33903
EP_A_PANA_GL_7332	24346	22797	22795	22791	21486	21486
EP_A_PANA_GL_8353	18408	16117	16103	16072	15681	15681
EP_A_PANA_GL_8792	12503	11660	11658	11656	11519	11519
EP_A_PANA_GL_8948	16949	10616	10613	10613	9945	9945
EP_A_PANA_GL_8951	25057	23316	23316	23316	21604	21604
EP_A_PANA_GL_8952	39310	23368	23367	23364	22154	22154
EP_A_PANA_GL_9021	24952	23486	23470	23431	22040	22040
EP_A_PANA_GL_9022	6561	4044	4044	4044	3723	3723
EP_A_PANA_GL_9131	14210	10893	10892	10889	9909	9909
EP_A_PANA_GL_9264	49918	30237	30237	30237	27603	27603
EP_A_PANA_GL_9332	41390	21983	21980	21980	20745	20745
EP_A_PANA_GL_9338	17499	12361	12361	12359	11423	11423
EP_A_PANA_GL_9339	4823	2962	2962	2962	2861	2861
EP_A_PANA_GL_9340	11689	8872	8872	8855	8256	8256
EP_A_PANA_HP_7322	25300	24213	24213	24213	24213	24213
EP_A_PANA_HP_7326	45352	43798	43798	43795	43753	43753
EP_A_PANA_HP_7327	32896	31692	31692	31691	31690	31690
EP_A_PANA_HP_7329	32494	31619	31619	31619	31601	31601
EP_A_PANA_HP_7330	20179	19380	19380	19369	19244	19244
EP_A_PANA_HP_7331	38386	36805	36805	36803	36562	36562
EP_A_PANA_HP_7332	41591	39759	39759	39756	38909	38909
EP_A_PANA_HP_7332M	18811	18009	18007	18006	17262	17258
EP_A_PANA_HP_8353	6855	5893	5879	5696	5620	5620
EP_A_PANA_HP_8792	17420	12952	12952	12719	12545	12545
EP_A_PANA_HP_8948	15330	8925	8923	8882	8702	8702
EP_A_PANA_HP_8951	3612	3443	3443	3440	3430	3430
EP_A_PANA_HP_9021	37167	35259	35252	35246	34972	34972
EP_A_PANA_HP_9022	6195	4113	4113	4113	4105	4105
EP_A_PANA_HP_9131	6720	4784	4783	4710	4634	4634
EP_A_PANA_HP_9264	42292	19183	19183	19183	19136	19136
EP_A_PANA_HP_9332	51723	22279	22279	22279	22015	22015
EP_A_PANA_HP_9338	18175	10668	10668	10664	10546	10546
EP_A_PANA_HP_9339	6145	4191	4191	4191	4157	4157
EP_A_PANA_HP_9340	7804	6018	6018	6015	5981	5981
EP_A_PANA_MG_7322	29464	27889	27888	27887	26807	26806
EP_A_PANA_MG_7326	31787	30121	30117	30112	28431	28431
EP_A_PANA_MG_7327	27684	26647	26646	26645	25781	25781
EP_A_PANA_MG_7329	8553	8299	8299	8299	8122	8122
EP_A_PANA_MG_7330	16590	15440	15440	15440	15044	15044
EP_A_PANA_MG_7331	28763	27175	27175	27173	26095	26095
EP_A_PANA_MG_8353	20504	19715	19713	19710	19494	19494
EP_A_PANA_MG_8792	16170	15308	15307	15288	14653	14653
EP_A_PANA_MG_8948	16382	10931	10931	10931	10641	10641
EP_A_PANA_MG_8951	44528	41453	41301	41292	39766	39765
EP_A_PANA_MG_8952	48659	21255	21255	21251	20655	20655
EP_A_PANA_MG_9021	38070	35566	35548	35547	33830	33830
EP_A_PANA_MG_9022	6252	3778	3777	3777	3691	3691
EP_A_PANA_MG_9131	7606	5751	5751	5751	5711	5710
EP_A_PANA_MG_9264	45131	21165	21160	21159	20304	20304
EP_A_PANA_MG_9332	46046	21146	21141	21140	20477	20477
EP_A_PANA_MG_9338	27203	16383	16374	16371	15439	15439
EP_A_PANA_MG_9339	6088	3723	3721	3721	3563	3563
EP_A_PANA_MG_9340	8067	6046	6045	6045	5876	5876
EP_A_PANA_ST_7322	30134	28621	28620	28615	28457	28457
EP_A_PANA_ST_7326	33606	31843	31838	31834	31244	31244
EP_A_PANA_ST_7327	23985	22574	22571	22562	21986	21986
EP_A_PANA_ST_7329	41263	39668	39667	39661	39267	39266
EP_A_PANA_ST_7330	29972	28353	28349	28347	26796	26796
EP_A_PANA_ST_7332	25503	23541	23538	23530	22774	22774
EP_A_PANA_ST_8353	18153	16605	16593	16551	16029	16029
EP_A_PANA_ST_8792	16125	15116	15115	15115	14601	14601
EP_A_PANA_ST_8948	16686	9657	9409	9405	8825	8825
EP_A_PANA_ST_8952	19099	8327	8323	8321	8220	8220
EP_A_PANA_ST_9022	8954	5091	5090	5082	5028	5028
EP_A_PANA_ST_9131	5338	3867	3867	3860	3733	3733
EP_A_PANA_ST_9264	19137	14769	14766	14766	13919	13919
EP_A_PANA_ST_9332	41023	18549	18546	18542	18062	18062
EP_A_PANA_ST_9338	22149	15322	15320	15320	14586	14586
EP_A_PANA_ST_9339	4094	2440	2440	2437	2388	2388
EP_A_PANA_ST_9340	7647	5733	5732	5729	5681	5681
EP_A_ROST_EG_9072	14616	10939	10936	10882	10409	10409
EP_A_ROST_EG_9073	17094	16182	16181	16153	15660	15660
EP_A_ROST_EG_9113	32625	13375	13371	13370	12778	12778
EP_A_ROST_EG_9119	25815	18436	18431	18401	17163	17163
EP_A_ROST_EG_9124	21922	13081	13078	13076	12424	12424
EP_A_ROST_GL_9072	4979	3777	3775	3628	3598	3598
EP_A_ROST_GL_9073	6407	5927	5927	5734	5680	5680
EP_A_ROST_GL_9074	11193	8391	8387	8375	8132	8132
EP_A_ROST_GL_9075	21364	20044	20044	19774	19385	19385
EP_A_ROST_GL_9076	32512	30163	30162	30092	29475	29475
EP_A_ROST_GL_9112	37061	20745	20742	20736	20050	20050
EP_A_ROST_GL_9113	34802	17683	17682	17630	17266	17266
EP_A_ROST_GL_9114	15039	13898	13896	13727	13523	13523
EP_A_ROST_GL_9115	22061	20556	20556	20336	20069	20069
EP_A_ROST_GL_9117	6848	4454	4454	4448	4243	4243
EP_A_ROST_GL_9118	41644	22664	22664	22627	22002	22002
EP_A_ROST_GL_9119	19378	15170	15167	15096	14710	14710
EP_A_ROST_GL_9120	60935	56808	56803	55519	53146	53146
EP_A_ROST_GL_9121	28933	27421	27420	27377	26738	26738
EP_A_ROST_GL_9122	10309	7860	7860	7769	7437	7437
EP_A_ROST_GL_9123	22338	21087	21086	20850	19986	19986
EP_A_ROST_GL_9124	22242	18600	18599	18594	18059	18059
EP_A_ROST_GL_9194	7269	5307	5307	5294	5125	5125
EP_A_ROST_HP_9072	6087	4578	4578	4568	4488	4488
EP_A_ROST_HP_9073	6452	5904	5904	5843	5730	5730
EP_A_ROST_HP_9074	8394	6103	6100	6062	5981	5981
EP_A_ROST_HP_9075	22935	21576	21574	21356	21093	21093
EP_A_ROST_HP_9076	26717	23883	23883	23851	23409	23409
EP_A_ROST_HP_9112	42948	20816	20816	20730	20550	20550
EP_A_ROST_HP_9113	30846	14422	14422	14420	14407	14407
EP_A_ROST_HP_9114	10775	9278	9275	9115	9035	9035
EP_A_ROST_HP_9115	16993	15481	15480	14505	14229	14229
EP_A_ROST_HP_9117	8361	5987	5987	5986	5950	5950
EP_A_ROST_HP_9118	38330	18397	18397	18325	18142	18142
EP_A_ROST_HP_9119	14576	11503	11502	11443	11217	11217
EP_A_ROST_HP_9120	8033	7338	7338	6776	6770	6770
EP_A_ROST_HP_9121	28798	27020	27020	26887	26708	26708
EP_A_ROST_HP_9122	6874	5363	5363	5359	5313	5313
EP_A_ROST_HP_9123	37040	35401	35399	35380	34953	34953
EP_A_ROST_HP_9124	16985	12466	12466	12465	12426	12426
EP_A_ROST_HP_9194	10819	6840	6839	6787	6696	6696
EP_A_ROST_MG_9072	10256	7717	7716	7715	7649	7648
EP_A_ROST_MG_9073	11885	11309	11307	11302	10986	10986
EP_A_ROST_MG_9074	10348	7932	7932	7932	7788	7788
EP_A_ROST_MG_9075	2697	2491	2491	2409	2398	2398
EP_A_ROST_MG_9076	30757	28803	28800	28503	28245	28245
EP_A_ROST_MG_9112	35880	18418	18416	18406	17611	17611
EP_A_ROST_MG_9113	38091	19545	19545	19545	19018	19018
EP_A_ROST_MG_9114	16533	15187	15186	14762	14603	14603
EP_A_ROST_MG_9115	32039	29968	29967	29967	29369	29369
EP_A_ROST_MG_9117	12139	7747	7747	7744	7604	7604
EP_A_ROST_MG_9118	39408	19607	19605	19602	19155	19155
EP_A_ROST_MG_9119	18044	12844	12843	12837	12529	12529
EP_A_ROST_MG_9120	19276	17948	17948	17928	16701	16701
EP_A_ROST_MG_9121	21978	20619	20619	20268	20168	20168
EP_A_ROST_MG_9122	11462	8693	8693	8692	8265	8265
EP_A_ROST_MG_9123	26135	24787	24787	24606	24380	24380
EP_A_ROST_MG_9124	25600	14932	14929	14929	14763	14763
EP_A_ROST_MG_9194	10018	6183	6183	6175	6081	6081
EP_A_ROST_ST_9072	8677	6447	6447	6443	6248	6248
EP_A_ROST_ST_9073	16580	12422	12407	12307	12094	12094
EP_A_ROST_ST_9074	6796	4128	4128	4102	4065	4065
EP_A_ROST_ST_9075	42681	35552	35550	35098	34269	34269
EP_A_ROST_ST_9076	29203	27537	27531	27528	27191	27191
EP_A_ROST_ST_9112	46792	19404	19404	19377	18889	18889
EP_A_ROST_ST_9114	9838	8716	8716	8604	8403	8402
EP_A_ROST_ST_9117	9596	6099	6099	6099	5994	5994
EP_A_ROST_ST_9118	43934	21712	21710	21632	21116	21116
EP_A_ROST_ST_9119	15042	11029	11028	11023	10719	10719
EP_A_ROST_ST_9120	25957	23722	23715	23342	22759	22704
EP_A_ROST_ST_9121	22440	21147	21146	21085	20700	20700
EP_A_ROST_ST_9122	8791	6504	6503	6494	6249	6249
EP_A_ROST_ST_9123	34124	32084	32084	32044	31088	31053
EP_A_ROST_ST_9124	20032	14616	14613	14611	14037	14037
EP_A_ROST_ST_9194	11407	7200	7199	7175	6795	6795
EP_A_SAXI_EG_8612	29174	27467	27461	27434	25250	25250
EP_A_SAXI_EG_8673	29395	27569	27562	27541	26301	26301
EP_A_SAXI_EG_8686	25870	19238	19237	19187	18295	18295
EP_A_SAXI_EG_9233	26847	25230	25229	25226	22337	22337
EP_A_SAXI_EG_9239	7405	4707	4707	4707	4218	4218
EP_A_SAXI_EG_9241	32937	30981	30979	30974	27955	27955
EP_A_SAXI_EG_9243	38396	36657	36657	36641	33497	33497
EP_A_SAXI_EG_9245	14988	14006	14006	14006	12567	12567
EP_A_SAXI_EG_9248	9755	7240	7239	7238	6526	6526
EP_A_SAXI_EG_9249	50861	47270	47252	47250	42984	42984
EP_A_SAXI_EG_9250	28529	26559	26532	26526	24162	24162
EP_A_SAXI_EG_9253	31493	29391	29390	29386	25516	25516
EP_A_SAXI_EG_9255	34512	32096	32090	32090	28198	28198
EP_A_SAXI_EG_9257	27916	26732	26730	26726	22852	22852
EP_A_SAXI_EG_9261	27328	26086	26084	25959	25411	25411
EP_A_SAXI_EG_9263	6029	3869	3855	3855	3508	3508
EP_A_SAXI_GL_8497	35079	33630	33629	33590	32573	32573
EP_A_SAXI_GL_8612	28498	26237	26222	26215	23648	23648
EP_A_SAXI_GL_8673	38947	37385	37385	37358	34834	34834
EP_A_SAXI_GL_8678	12877	12288	12287	12281	11594	11594
EP_A_SAXI_GL_8686	25650	24404	24403	24400	22925	22925
EP_A_SAXI_GL_9233	41067	38792	38787	38768	36055	36055
EP_A_SAXI_GL_9239	7051	5157	5156	5156	4741	4741
EP_A_SAXI_GL_9241	22625	21257	21256	21252	20647	20647
EP_A_SAXI_GL_9243	20010	18918	18917	18913	18110	18110
EP_A_SAXI_GL_9245	21734	20827	20827	20827	19974	19974
EP_A_SAXI_GL_9247	44840	41785	41783	41782	36007	36007
EP_A_SAXI_GL_9248	14481	9321	9321	9320	8672	8672
EP_A_SAXI_GL_9249	22929	21609	21606	21590	20823	20823
EP_A_SAXI_GL_9250	28144	26328	26325	26324	26011	26011
EP_A_SAXI_GL_9253	36185	33878	33875	33868	31844	31844
EP_A_SAXI_GL_9255	31379	29478	29476	29476	26134	26134
EP_A_SAXI_GL_9257	31888	30405	30401	30400	26501	26501
EP_A_SAXI_GL_9259	35341	32767	32751	32746	28222	28221
EP_A_SAXI_GL_9261	29153	27249	27247	26446	26037	26037
EP_A_SAXI_GL_9263	5502	3346	3346	3343	3227	3227
EP_A_SAXI_HP_8497	49464	48291	48291	48290	48290	48290
EP_A_SAXI_HP_8612	16313	15692	15691	15691	14752	14752
EP_A_SAXI_HP_8673	42630	41397	41397	41370	40941	40941
EP_A_SAXI_HP_8678	46320	45057	45057	45054	45049	45049
EP_A_SAXI_HP_8686	35387	34134	34134	34134	33450	33450
EP_A_SAXI_HP_9233	9082	8704	8704	8702	8686	8686
EP_A_SAXI_HP_9239	5889	3730	3730	3638	3614	3614
EP_A_SAXI_HP_9241	29230	26422	26421	26406	25468	25468
EP_A_SAXI_HP_9243	6465	5647	5647	5125	5114	5114
EP_A_SAXI_HP_9245	18786	17884	17882	17881	17182	17182
EP_A_SAXI_HP_9247	10715	9561	9561	9354	9311	9311
EP_A_SAXI_HP_9248	10644	6607	6606	6528	6299	6299
EP_A_SAXI_HP_9250	6483	5281	5280	4988	4981	4981
EP_A_SAXI_HP_9253	9338	8562	8561	8075	8065	8065
EP_A_SAXI_HP_9255	15673	14758	14758	14603	14441	14441
EP_A_SAXI_HP_9257	8116	5067	5053	4672	4668	4668
EP_A_SAXI_HP_9259	16720	15440	15417	15342	15054	15054
EP_A_SAXI_HP_9261	11481	10627	10622	10538	10425	10425
EP_A_SAXI_HP_9263	3447	2094	2094	1987	1968	1968
EP_A_SAXI_MG_8497	33828	32639	32639	32634	32531	32531
EP_A_SAXI_MG_8673	24017	22473	22473	22447	21716	21716
EP_A_SAXI_MG_8686	32882	30785	30784	30784	29811	29811
EP_A_SAXI_MG_9233	41299	37525	37513	37512	36110	36109
EP_A_SAXI_MG_9239	9541	5372	5297	5196	5144	5144
EP_A_SAXI_MG_9241	35100	32163	32082	31968	30627	30627
EP_A_SAXI_MG_9243	25941	23511	23450	23372	21951	21951
EP_A_SAXI_MG_9245	29141	16810	16450	16398	15916	15916
EP_A_SAXI_MG_9247	48279	39900	39743	39689	38236	38236
EP_A_SAXI_MG_9248	5419	3430	3418	3418	3192	3191
EP_A_SAXI_MG_9249	22631	19978	19965	19845	19355	19355
EP_A_SAXI_MG_9253	31113	28518	28485	28388	27328	27328
EP_A_SAXI_MG_9255	25453	23286	23286	23281	23011	23011
EP_A_SAXI_MG_9257	29699	24486	24033	24027	22614	22598
EP_A_SAXI_MG_9261	35337	24882	24377	24092	23478	23456
EP_A_SAXI_MG_9263	4473	3135	3108	3106	2963	2963
EP_A_UMBO_EG_8669	19288	17410	17409	17408	16540	16540
EP_A_UMBO_EG_9126	2748	1674	1674	1674	1581	1581
EP_A_UMBO_GL_8669	11820	11363	11361	11342	10714	10714
EP_A_UMBO_GL_8670	8456	7899	7899	7894	7388	7365
EP_A_UMBO_GL_8671	14888	14241	14240	14238	13157	13157
EP_A_UMBO_GL_8691	10393	9613	9610	9610	8972	8972
EP_A_UMBO_GL_8692	20397	19063	19049	19001	18311	18311
EP_A_UMBO_GL_8693	24560	23191	23181	23146	21992	21992
EP_A_UMBO_GL_9126	3050	1904	1903	1903	1831	1831
EP_A_UMBO_GL_9127	68676	63331	63323	63281	60903	60903
EP_A_UMBO_GL_9266	11961	9080	9073	9031	8362	8362
EP_A_UMBO_HP_8669	14339	13689	13688	13661	13340	13340
EP_A_UMBO_HP_8670	6594	6005	6005	5875	5829	5829
EP_A_UMBO_HP_8671	9197	8814	8814	8813	8718	8718
EP_A_UMBO_HP_8691	10577	9877	9875	9865	9122	9122
EP_A_UMBO_HP_8692	13935	13321	13318	13196	12887	12887
EP_A_UMBO_HP_8693	20364	18548	18548	18522	18199	18199
EP_A_UMBO_HP_9126	2103	1493	1493	1493	1474	1474
EP_A_UMBO_HP_9127	32667	30006	29991	29938	29395	29395
EP_A_UMBO_HP_9266	10050	7599	7598	7538	7208	7208
EP_A_UMBO_MG_8669	11516	10830	10830	10828	10328	10328
EP_A_UMBO_MG_8670	11549	10909	10906	10903	10718	10718
EP_A_UMBO_MG_8671	13638	12918	12914	12909	11697	11697
EP_A_UMBO_MG_8691	217048	205198	205180	204995	195971	195968
EP_A_UMBO_MG_8692	15739	14976	14975	14946	14732	14732
EP_A_UMBO_MG_8693	19568	18293	18292	18283	17122	17122
EP_A_UMBO_MG_9126	3186	1939	1939	1939	1929	1929
EP_A_UMBO_MG_9127	28802	26761	26761	26755	26015	26015
EP_A_UMBO_MG_9266	11693	8941	8941	8941	8776	8776
EP_A_UMBO_ST_8669	28173	25842	25840	25826	24847	24847
EP_A_UMBO_ST_8670	10179	9288	9284	9273	8828	8828
EP_A_UMBO_ST_8671	7309	7068	7067	7066	6855	6855
EP_A_UMBO_ST_8691	9065	8579	8578	8574	8283	8283
EP_A_UMBO_ST_8692	19807	18028	18010	17945	17398	17398
EP_A_UMBO_ST_8693	30977	29612	29612	29599	29060	29060
EP_A_UMBO_ST_9126	3167	2248	2248	2248	2232	2232
EP_A_UMBO_ST_9127	31022	28785	28785	28783	28372	28372
EP_A_UMBO_ST_9266	15323	11529	11394	11392	10441	10441
EP_A_UTRI_EG_8448	40965	38744	38731	38717	36496	36489
EP_A_UTRI_EG_9067	30315	26129	26107	26107	23178	23178
EP_A_UTRI_EG_9070	36144	15338	15331	15314	13821	13821
EP_A_UTRI_EG_9188	12602	11625	11622	11614	10942	10908
EP_A_UTRI_EG_9268	37057	34542	34528	34528	30241	30241
EP_A_UTRI_GL_8447	20525	19187	19166	19166	18147	18145
EP_A_UTRI_GL_8448	38504	35169	35118	35012	33473	33462
EP_A_UTRI_GL_8483	12957	11917	11914	11909	11488	11488
EP_A_UTRI_GL_8916	5393	5191	5189	5180	4955	4955
EP_A_UTRI_GL_9067	36754	34171	34137	34122	31708	31708
EP_A_UTRI_GL_9068	8182	5177	5176	5173	4866	4866
EP_A_UTRI_GL_9069	54328	27623	27549	27537	25506	25506
EP_A_UTRI_GL_9070	12881	8931	8931	8868	8099	8099
EP_A_UTRI_GL_9071	14203	8895	8884	8875	8376	8376
EP_A_UTRI_GL_9133	10152	7679	7677	7662	7251	7251
EP_A_UTRI_GL_9134	7273	5489	5483	5479	5198	5198
EP_A_UTRI_GL_9135	9429	7035	7034	7023	6686	6686
EP_A_UTRI_GL_9187	7679	5980	5980	5980	5653	5649
EP_A_UTRI_GL_9188	20096	18149	18146	18144	16871	16683
EP_A_UTRI_GL_9267	20906	19410	19406	19380	18602	18602
EP_A_UTRI_GL_9268	31017	29311	29275	29271	26704	26696
EP_A_UTRI_GL_9269	7474	5610	5605	5603	5216	5216
EP_A_UTRI_GL_9270	18210	13876	13863	13848	13564	13564
EP_A_UTRI_GL_9271	10569	7902	7893	7893	7217	7217
EP_A_UTRI_GL_9272	28318	26505	26496	26457	24775	24769
EP_A_UTRI_HP_8447	35727	32946	32944	32905	32461	32461
EP_A_UTRI_HP_8448	33942	30523	30521	29804	29188	29188
EP_A_UTRI_HP_8483	12485	11103	11103	11072	10771	10771
EP_A_UTRI_HP_8916	19131	18407	18396	18256	17502	17502
EP_A_UTRI_HP_9067	34973	33201	33135	33112	32281	32281
EP_A_UTRI_HP_9068	6965	4329	4329	4323	4122	4122
EP_A_UTRI_HP_9069	46739	22674	22629	22599	21988	21988
EP_A_UTRI_HP_9070	14462	8535	8533	8354	8234	8234
EP_A_UTRI_HP_9071	14932	9197	9196	9166	8958	8958
EP_A_UTRI_HP_9133	9900	7341	7335	7319	7011	7011
EP_A_UTRI_HP_9134	13950	9807	9803	9709	9306	9306
EP_A_UTRI_HP_9135	7358	5423	5419	5298	5066	5066
EP_A_UTRI_HP_9187	8019	5809	5771	5741	5604	5491
EP_A_UTRI_HP_9188	19379	18248	18243	18218	17655	17541
EP_A_UTRI_HP_9267	34031	31447	31381	31286	29792	29792
EP_A_UTRI_HP_9268	42019	38963	38915	38844	37696	37696
EP_A_UTRI_HP_9269	10014	7283	7281	7274	6955	6955
EP_A_UTRI_HP_9270	28951	13046	13038	13029	12871	12871
EP_A_UTRI_HP_9271	7985	5825	5756	5672	5486	5486
EP_A_UTRI_HP_9272	38342	35387	35383	35323	34815	34815
EP_A_UTRI_MG_8447	25185	22961	22956	22954	21473	21473
EP_A_UTRI_MG_8448	44671	41308	41305	41283	39821	39821
EP_A_UTRI_MG_8483	13849	13060	13059	13057	12656	12656
EP_A_UTRI_MG_8916	9767	9325	9324	9242	9176	9176
EP_A_UTRI_MG_9067	38099	33439	33434	33408	32306	32306
EP_A_UTRI_MG_9068	6154	3886	3885	3882	3721	3721
EP_A_UTRI_MG_9069	18041	12107	12079	12069	11271	11271
EP_A_UTRI_MG_9070	17339	11289	11287	11205	10749	10749
EP_A_UTRI_MG_9071	3469	2128	2126	2124	2029	2029
EP_A_UTRI_MG_9133	8402	5375	5374	5256	5180	5180
EP_A_UTRI_MG_9134	8906	6733	6732	6722	6448	6448
EP_A_UTRI_MG_9135	10307	7749	7749	7718	7502	7497
EP_A_UTRI_MG_9187	9525	6865	6850	6754	6464	6400
EP_A_UTRI_MG_9188	18250	16985	16981	16972	16141	16124
EP_A_UTRI_MG_9267	24216	21816	21789	21719	20426	20419
EP_A_UTRI_MG_9268	29696	27762	27699	27697	27044	27044
EP_A_UTRI_MG_9269	10778	7845	7839	7837	7327	7327
EP_A_UTRI_MG_9270	32238	14503	14474	14473	14135	14135
EP_A_UTRI_MG_9271	10008	7397	7395	7389	6872	6871
EP_A_UTRI_ST_8447	36793	33070	33063	33055	31830	31823
EP_A_UTRI_ST_8448	42292	32425	32384	32094	30936	30936
EP_A_UTRI_ST_8483	199687	182679	182609	182361	174857	174809
EP_A_UTRI_ST_9067	49235	41177	41166	41122	39212	39211
EP_A_UTRI_ST_9068	4692	3458	3456	3455	3311	3311
EP_A_UTRI_ST_9069	40962	15384	15380	15340	14625	14625
EP_A_UTRI_ST_9070	23717	13207	13207	13151	12346	12345
EP_A_UTRI_ST_9071	3195	1758	1758	1755	1673	1673
EP_A_UTRI_ST_9133	11055	7779	7776	7774	7554	7554
EP_A_UTRI_ST_9135	7970	5826	5824	5771	5604	5604
EP_A_UTRI_ST_9187	10390	7653	7643	7643	7051	7040
EP_A_UTRI_ST_9188	14857	14132	14132	14130	13231	13214
EP_A_UTRI_ST_9267	8522	7739	7711	7699	7260	7260
EP_A_UTRI_ST_9269	11729	8759	8757	8738	8088	8088
EP_A_UTRI_ST_9270	35507	16907	16899	16898	16026	16026
EP_A_UTRI_ST_9271	9123	6131	6126	6102	5765	5760
EP_A_UTRI_ST_9272	23126	19461	19452	19428	18477	18476
EP_E_SAMP_MD_9290	10686	9937	9923	9923	8918	8909
EP_E_SAMP_MD_9291	11875	11117	11095	11095	9952	9937
EP_E_SAMP_MD_9292	33889	32110	32069	32068	28629	28581
EP_E_SAMP_MD_9293	7515	6451	6443	6443	5871	5864
EP_E_SAMP_MD_9294	27713	25713	25667	25667	22786	22743
EP_E_SAMP_RB_9295	17303	16099	16086	16086	14303	14300
EP_E_SAMP_RB_9296	12012	11371	11365	11365	10144	10142
EP_E_SAMP_RB_9297	37770	33800	33766	33765	29167	29159
EP_E_SAMP_RB_9298	49957	45845	45820	45820	40277	40268
EP_E_SAMP_RB_9299	48165	44514	44473	44472	39615	39601
EP_E_SAMP_RB_scrap1	31621	29185	29178	29177	26269	26268
EP_E_SAMP_RB_scrap2	14109	12857	12854	12854	12507	12507
EP_E_SAMP_RB_scrap3	51981	48762	48748	48748	43972	43967
EP_E_SAMP_RB_scrap4	43556	40013	39997	39997	35247	35240
EP_E_SAMP_SD_9285	21271	19472	19366	19366	16891	16887
EP_E_SAMP_SD_9286	16354	15268	15236	15233	13425	13411
EP_E_SAMP_SD_9287	41894	39424	39369	39364	34823	34807
EP_E_SAMP_SD_9288	47380	43720	43660	43658	38357	38343
EP_E_SAMP_SD_9289	21080	19739	19709	19705	18211	18188
EP_E_SAMP_SD_sed	15973	14684	14643	14641	13104	13094
EP_E_SAMP_WT_2977	64494	59124	59081	59079	53593	53593
EP_E_SAMP_WT_2985	62735	58654	58626	58626	53665	53665
EP_E_SAMP_WT_2989	63245	59358	59226	59226	53711	53704
EP_E_SAMP_WT_2995	67701	63979	63924	63924	58638	58635
EP_E_SAMP_WT_2999	51621	48456	48321	48320	43906	43898
EP_E_SAMP_WT_3006	66698	61819	61724	61722	56378	56378
EP_E_SAMP_WT_3007	51991	46198	46051	46050	41913	41911
EP_E_SAMP_WT_3014	55875	52953	52889	52889	48848	48847
EP_UNKN_EG_8158	58365	54721	54689	54673	48789	48789
EP_UNKN_GL_8158	37239	34844	34842	34829	30436	30436
EP_UNKN_HP_8158	53134	50602	50600	50583	50031	50031
EP_UNKN_MG_8158	43729	38756	38748	38598	37619	37619
EP_UNKN_ST_8158	40080	37669	37662	37640	36119	36119
WA_A_BAHA_EG_7652	29333	20533	20524	20523	18948	18948
WA_A_BAHA_EG_7654	20586	14254	14248	14246	13297	13297
WA_A_BAHA_EG_7656	6982	5820	5819	5815	5423	5423
WA_A_BAHA_GL_7470	7657	7251	7247	7245	6761	6761
WA_A_BAHA_GL_7471	99656	78088	78073	75932	75099	75099
WA_A_BAHA_GL_7472	38542	33680	33678	33677	31592	31592
WA_A_BAHA_GL_7473	26566	19734	19732	19626	19336	19336
WA_A_BAHA_GL_7474	1020	865	865	856	834	834
WA_A_BAHA_GL_7475	9058	8622	8620	8615	8476	8476
WA_A_BAHA_GL_7476	22788	18702	18699	18686	17486	17486
WA_A_BAHA_GL_7477	32667	26638	26628	26580	24972	24972
WA_A_BAHA_GL_7478	28402	26321	26312	26271	25389	25389
WA_A_BAHA_GL_7501	18435	13802	13798	13762	13022	13022
WA_A_BAHA_GL_7513	21865	16597	16593	16586	15656	15656
WA_A_BAHA_GL_7514	14901	14333	14332	14332	13493	13493
WA_A_BAHA_GL_7515	18770	14821	14817	14790	14018	14014
WA_A_BAHA_GL_7516	89069	84970	84947	84878	80892	80892
WA_A_BAHA_GL_7650	8896	7302	7297	7199	7097	7097
WA_A_BAHA_GL_7652	15454	10527	10525	10482	10129	10129
WA_A_BAHA_GL_7654	19130	12815	12812	12799	12110	12110
WA_A_BAHA_GL_7656	13364	10569	10569	10501	9832	9832
WA_A_BAHA_HP_7470	19971	18793	18785	18702	18249	18249
WA_A_BAHA_HP_7471	68186	50359	50355	50115	49889	49889
WA_A_BAHA_HP_7472	22165	16981	16976	16065	15964	15964
WA_A_BAHA_HP_7473	12139	8937	8931	8277	8231	8231
WA_A_BAHA_HP_7474	7950	6588	6586	6400	6343	6343
WA_A_BAHA_HP_7475	18886	17709	17704	17355	17115	17115
WA_A_BAHA_HP_7476	22921	17783	17779	17141	16529	16529
WA_A_BAHA_HP_7477	27294	21808	21801	21670	21174	21174
WA_A_BAHA_HP_7478	29714	25976	25944	25099	24939	24939
WA_A_BAHA_HP_7501	21883	16593	16589	16460	16188	16172
WA_A_BAHA_HP_7513	15510	13241	13241	13188	13007	13007
WA_A_BAHA_HP_7514	6005	5596	5595	5575	5503	5503
WA_A_BAHA_HP_7515	11359	8661	8660	8429	8361	8361
WA_A_BAHA_HP_7516	29020	26169	26164	25274	25188	25188
WA_A_BAHA_HP_7650	12432	10371	10370	10155	9921	9921
WA_A_BAHA_HP_7652	8508	5444	5440	5393	5343	5343
WA_A_BAHA_HP_7654	14160	7891	7891	7891	7770	7770
WA_A_BAHA_HP_7656	8972	6833	6833	6829	6758	6756
WA_A_BAHA_MG_7470	57155	53775	53772	53764	51172	51172
WA_A_BAHA_MG_7471	8222	6664	6663	6661	6318	6318
WA_A_BAHA_MG_7472	24339	19598	19598	19597	19160	19160
WA_A_BAHA_MG_7473	25845	20281	20280	20279	19645	19645
WA_A_BAHA_MG_7474	14310	12206	12206	12170	10800	10800
WA_A_BAHA_MG_7475	46722	43996	43990	43988	42392	42392
WA_A_BAHA_MG_7476	10042	8546	8544	8541	8242	8242
WA_A_BAHA_MG_7477	33195	24165	24163	24163	23173	23173
WA_A_BAHA_MG_7478	4358	4167	4167	4167	4012	4012
WA_A_BAHA_MG_7501	16341	14253	14253	14252	14119	14119
WA_A_BAHA_MG_7513	21362	18437	18437	18435	17864	17864
WA_A_BAHA_MG_7514	6690	6473	6473	6472	6357	6357
WA_A_BAHA_MG_7515	23405	20084	20083	20083	19003	19003
WA_A_BAHA_MG_7516	71453	66171	66168	66168	65982	65982
WA_A_BAHA_MG_7650	9008	7326	7321	7065	6498	6498
WA_A_BAHA_MG_7652	14983	10686	10684	10684	10305	10305
WA_A_BAHA_MG_7654	24189	17480	17479	17478	16950	16950
WA_A_BAHA_MG_7656	5775	4814	4813	4769	4715	4715
WA_A_BAHA_ST_7470	41303	38614	38608	38341	37495	37495
WA_A_BAHA_ST_7471	10982	8593	8589	8570	8239	8239
WA_A_BAHA_ST_7472	25876	21754	21753	21742	21500	21500
WA_A_BAHA_ST_7473	40115	29078	29061	28595	27374	27374
WA_A_BAHA_ST_7474	10149	8461	8460	8344	8128	8128
WA_A_BAHA_ST_7475	51553	46355	46319	45967	45054	45051
WA_A_BAHA_ST_7476	11217	9453	9447	9441	9193	9193
WA_A_BAHA_ST_7477	32546	26456	26451	26437	25377	25372
WA_A_BAHA_ST_7478	3117	2842	2837	2799	2754	2754
WA_A_BAHA_ST_7501	11080	8685	8683	8668	8338	8338
WA_A_BAHA_ST_7513	4862	4168	4168	4161	4012	4012
WA_A_BAHA_ST_7514	17093	16473	16472	16415	15972	15972
WA_A_BAHA_ST_7515	15427	12510	12509	12111	11996	11996
WA_A_BAHA_ST_7516	44179	40516	40512	40427	39746	39746
WA_A_BAHA_ST_7650	16915	13039	13038	12870	12145	12143
WA_A_BAHA_ST_7652	23439	13750	13748	13739	13164	13164
WA_A_BAHA_ST_7654	17755	10755	10753	10686	10486	10486
WA_A_BAHA_ST_7656	8377	6733	6732	6714	6461	6461
WA_A_BOUV_EG_7511	35471	24455	24445	24442	23291	23291
WA_A_BOUV_EG_7581	2678	1793	1792	1792	1669	1669
WA_A_BOUV_EG_7582	44831	41936	41928	41926	38276	38276
WA_A_BOUV_EG_7583	32585	20738	20736	20736	19126	19093
WA_A_BOUV_EG_7585	2802	2400	2397	2396	2328	2328
WA_A_BOUV_EG_7586	36185	24804	24797	24797	22861	22861
WA_A_BOUV_EG_7645	26544	18142	18137	18129	17186	17186
WA_A_BOUV_GL_7508	41379	29961	29960	29849	29063	29063
WA_A_BOUV_GL_7509	20926	14816	14811	14783	14265	14265
WA_A_BOUV_GL_7511	21195	14004	14001	13662	13596	13596
WA_A_BOUV_GL_7580	1891	1553	1553	1492	1425	1425
WA_A_BOUV_GL_7581	9541	7503	7501	7488	7375	7375
WA_A_BOUV_GL_7582	42505	38042	38042	37819	37074	37074
WA_A_BOUV_GL_7583	24127	17521	17521	17504	16822	16800
WA_A_BOUV_GL_7584	31494	21028	21028	20758	20411	20411
WA_A_BOUV_GL_7585	3815	3594	3589	3452	3423	3423
WA_A_BOUV_GL_7586	45217	34090	34089	33410	32112	32112
WA_A_BOUV_GL_7587	21686	14910	14908	14739	14579	14579
WA_A_BOUV_GL_7588	2870	2644	2643	2620	2582	2582
WA_A_BOUV_GL_7639	14287	10928	10919	10869	10593	10593
WA_A_BOUV_GL_7640	16666	12763	12762	12748	12319	12319
WA_A_BOUV_GL_7642	21121	15662	15654	15580	14930	14930
WA_A_BOUV_GL_7643	8396	6861	6859	6849	6387	6387
WA_A_BOUV_GL_7644	17830	11865	11852	11652	11055	11055
WA_A_BOUV_GL_7645	24798	16424	16422	16402	15967	15967
WA_A_BOUV_GL_7646	22877	17043	17021	16947	16658	16658
WA_A_BOUV_GL_7647	20895	15292	15289	15268	14361	14361
WA_A_BOUV_HP_7508	29705	18011	18010	17984	17889	17889
WA_A_BOUV_HP_7509	14350	10126	10121	10115	10069	10069
WA_A_BOUV_HP_7511	17850	11083	11082	11064	11019	11019
WA_A_BOUV_HP_7580	7833	6336	6334	6291	6252	6252
WA_A_BOUV_HP_7581	11001	8458	8457	8202	8163	8163
WA_A_BOUV_HP_7582	25098	22396	22391	20455	20203	20203
WA_A_BOUV_HP_7583	7657	6553	6553	6546	6489	6488
WA_A_BOUV_HP_7584	23409	13944	13934	13894	13808	13806
WA_A_BOUV_HP_7585	14596	13741	13740	13092	12895	12895
WA_A_BOUV_HP_7586	24016	17521	17521	17491	16509	16509
WA_A_BOUV_HP_7587	9111	5899	5898	5502	5490	5490
WA_A_BOUV_HP_7588	4535	4375	4375	4326	4298	4298
WA_A_BOUV_HP_7639	19883	11832	11832	11832	11777	11777
WA_A_BOUV_HP_7640	11973	7386	7377	6845	6789	6789
WA_A_BOUV_HP_7642	20766	15867	15867	15836	15761	15761
WA_A_BOUV_HP_7643	15907	10912	10904	10760	10503	10503
WA_A_BOUV_HP_7644	9236	5523	5522	5522	5497	5497
WA_A_BOUV_HP_7645	24746	14735	14733	14692	14620	14620
WA_A_BOUV_HP_7646	47749	34084	33699	32906	32823	32823
WA_A_BOUV_HP_7647	19977	15367	15366	15317	15095	15095
WA_A_BOUV_MG_7508	15518	8426	8426	8426	8375	8375
WA_A_BOUV_MG_7509	24522	13214	13214	13211	13142	13142
WA_A_BOUV_MG_7511	17436	9662	9662	9662	9464	9464
WA_A_BOUV_MG_7580	11517	9783	9783	9703	9461	9461
WA_A_BOUV_MG_7581	14944	12440	12439	12439	12204	12204
WA_A_BOUV_MG_7582	2587	2499	2499	2499	2499	2499
WA_A_BOUV_MG_7583	14367	12444	12444	12444	12298	12298
WA_A_BOUV_MG_7584	12723	6973	6973	6972	6729	6729
WA_A_BOUV_MG_7585	7889	7432	7432	7432	7416	7416
WA_A_BOUV_MG_7586	32705	19513	19511	19510	17267	17267
WA_A_BOUV_MG_7587	27901	15211	15211	15211	15175	15175
WA_A_BOUV_MG_7588	16337	15768	15768	15767	15536	15536
WA_A_BOUV_MG_7639	13262	9335	9334	9320	9120	9120
WA_A_BOUV_MG_7640	23121	16171	16169	16169	15941	15941
WA_A_BOUV_MG_7642	20085	15609	15608	15604	15253	15253
WA_A_BOUV_MG_7643	10353	7143	7143	7141	6904	6904
WA_A_BOUV_MG_7644	13728	8618	8618	8618	8533	8533
WA_A_BOUV_MG_7645	26360	16730	16729	16728	16328	16328
WA_A_BOUV_MG_7646	20883	18736	18736	18736	18725	18725
WA_A_BOUV_MG_7647	14572	12968	12968	12968	12822	12822
WA_A_BOUV_ST_7508	39134	25037	25026	25015	24011	24011
WA_A_BOUV_ST_7509	25544	14936	14877	14819	14680	14680
WA_A_BOUV_ST_7511	36810	25625	25618	25605	24147	24147
WA_A_BOUV_ST_7580	12372	10044	10042	9794	9401	9401
WA_A_BOUV_ST_7581	18669	14782	14782	14693	14474	14474
WA_A_BOUV_ST_7582	3387	3138	3137	3034	2957	2956
WA_A_BOUV_ST_7583	33679	26533	26531	26329	25833	25830
WA_A_BOUV_ST_7584	37067	22095	22085	22069	21238	21238
WA_A_BOUV_ST_7585	3434	3085	3079	3068	2941	2941
WA_A_BOUV_ST_7586	22642	15630	15627	15584	15389	15389
WA_A_BOUV_ST_7587	18503	10573	10536	10472	10359	10359
WA_A_BOUV_ST_7588	27344	24761	24744	24379	23867	23867
WA_A_BOUV_ST_7639	24015	15471	15461	15159	14961	14961
WA_A_BOUV_ST_7642	19777	15169	15161	15130	14701	14701
WA_A_BOUV_ST_7643	26943	18395	18385	18326	17556	17556
WA_A_BOUV_ST_7644	16066	9742	9645	9610	9387	9387
WA_A_BOUV_ST_7645	18929	11586	11582	11570	11267	11267
WA_A_BOUV_ST_7646	16828	12039	11989	11601	11540	11540
WA_A_BOUV_ST_7647	21262	16309	16307	15678	15395	15395
WA_A_CRIS_EG_7536	48477	46204	46172	46139	45386	45385
WA_A_CRIS_EG_7537	17842	10681	10681	10653	10154	10154
WA_A_CRIS_EG_7625	30487	21103	21080	21077	20214	20214
WA_A_CRIS_EG_7632	9113	7411	7400	7380	7116	7116
WA_A_CRIS_EG_9461	22728	17333	17320	17313	16587	16587
WA_A_CRIS_EG_9463	16786	12731	12722	12716	12266	12266
WA_A_CRIS_EG_9473	2549	2261	2257	2257	2238	2238
WA_A_CRIS_EG_9510	9136	8440	8436	8417	8149	8149
WA_A_CRIS_EG_9623	55373	49982	49965	49952	47864	47864
WA_A_CRIS_EG_9624	21239	20105	20101	19737	19616	19616
WA_A_CRIS_GL_7497	15948	15227	15226	15225	14523	14523
WA_A_CRIS_GL_7499	36870	32006	32006	32005	29279	29279
WA_A_CRIS_GL_7500	13399	10842	10839	10839	10255	10255
WA_A_CRIS_GL_7536	4145	3841	3841	3790	3765	3765
WA_A_CRIS_GL_7537	21707	16594	16594	16594	15740	15740
WA_A_CRIS_GL_7538	5749	4749	4749	4655	4611	4611
WA_A_CRIS_GL_7539	21999	19464	19458	19269	19135	19135
WA_A_CRIS_GL_7624	51136	38302	38295	38293	35852	35852
WA_A_CRIS_GL_7625	35883	28576	28576	28575	27405	27405
WA_A_CRIS_GL_7632	9913	8375	8372	8352	8078	8078
WA_A_CRIS_GL_7636	39343	33173	33171	33159	32178	32178
WA_A_CRIS_GL_9461	22847	19519	19519	19456	18791	18791
WA_A_CRIS_GL_9463	20080	17344	17344	17343	16445	16445
WA_A_CRIS_GL_9467	39883	37626	37617	37503	37139	37139
WA_A_CRIS_GL_9471	15116	13230	13230	13227	12831	12831
WA_A_CRIS_GL_9473	32213	30418	30418	30409	29183	29183
WA_A_CRIS_GL_9510	14842	13752	13751	13717	13576	13576
WA_A_CRIS_GL_9621	18603	17510	17510	17510	17424	17424
WA_A_CRIS_GL_9623	62281	59948	59942	59773	59489	59489
WA_A_CRIS_GL_9624	252	232	232	203	203	203
WA_A_CRIS_HP_7497	22081	20960	20945	20781	20418	20418
WA_A_CRIS_HP_7499	58116	38665	38662	38216	37464	37464
WA_A_CRIS_HP_7500	7418	5786	5783	5554	5403	5403
WA_A_CRIS_HP_7536	882	853	852	848	847	843
WA_A_CRIS_HP_7537	9605	6479	6476	6113	6089	6089
WA_A_CRIS_HP_7538	8741	7135	7131	6965	6754	6754
WA_A_CRIS_HP_7539	17904	15740	15735	15041	14886	14886
WA_A_CRIS_HP_7624	31763	23417	23405	22190	21994	21994
WA_A_CRIS_HP_7625	40931	30536	30529	27381	27326	27326
WA_A_CRIS_HP_7632	12343	10019	10016	9485	9145	9145
WA_A_CRIS_HP_9461	13350	10229	10225	9636	9551	9551
WA_A_CRIS_HP_9463	23939	18759	18759	18745	18708	18708
WA_A_CRIS_HP_9467	15085	13627	13622	13395	13328	13328
WA_A_CRIS_HP_9471	6726	5038	5037	4952	4896	4896
WA_A_CRIS_HP_9473	10333	9549	9549	9370	9338	9338
WA_A_CRIS_HP_9510	12949	11375	11373	11143	10904	10904
WA_A_CRIS_HP_9621	20308	16656	16652	15380	15301	15301
WA_A_CRIS_HP_9624	5521	4855	4854	3655	3648	3648
WA_A_CRIS_MG_7497	4719	4341	4341	4335	4168	4168
WA_A_CRIS_MG_7499	43158	27389	27386	27212	26638	26638
WA_A_CRIS_MG_7500	161998	123598	123559	123026	118956	118956
WA_A_CRIS_MG_7536	11887	11500	11500	11494	11207	11207
WA_A_CRIS_MG_7537	24823	19902	19895	19808	19064	19064
WA_A_CRIS_MG_7538	8672	7195	7195	7186	6861	6861
WA_A_CRIS_MG_7539	4304	3932	3932	3787	3731	3731
WA_A_CRIS_MG_7624	36391	27041	27029	26564	26271	26271
WA_A_CRIS_MG_7625	51901	39241	39231	38798	38065	38065
WA_A_CRIS_MG_7632	11061	9002	9001	8871	8676	8676
WA_A_CRIS_MG_7636	42295	30355	30354	29972	29729	29729
WA_A_CRIS_MG_9463	22463	17016	17013	16959	16028	16028
WA_A_CRIS_MG_9467	47274	41385	41353	40514	40048	40048
WA_A_CRIS_MG_9471	3235	2503	2503	2499	2404	2404
WA_A_CRIS_MG_9473	26398	20854	20850	19385	19281	19281
WA_A_CRIS_MG_9510	12847	11087	11084	11039	10764	10753
WA_A_CRIS_MG_9621	19427	17396	17395	17115	16957	16957
WA_A_CRIS_MG_9623	34980	32269	32263	31337	31034	31034
WA_A_CRIS_MG_9624	35824	29835	29825	29541	29088	29088
WA_A_CRIS_ST_7497	2433	2330	2330	2326	2264	2264
WA_A_CRIS_ST_7499	37091	26155	26152	26073	25083	25083
WA_A_CRIS_ST_7500	23852	19712	19710	19669	18646	18646
WA_A_CRIS_ST_7536	3876	3507	3502	3498	3413	3413
WA_A_CRIS_ST_7537	26651	19989	19985	19860	19255	19255
WA_A_CRIS_ST_7538	17862	14249	14246	13791	13307	13307
WA_A_CRIS_ST_7539	4198	3937	3937	3868	3764	3764
WA_A_CRIS_ST_7625	40473	30410	30407	30179	29251	29250
WA_A_CRIS_ST_7632	11632	9640	9632	9623	9256	9256
WA_A_CRIS_ST_9461	13652	10075	10074	9961	9861	9861
WA_A_CRIS_ST_9463	21122	15477	15471	15460	14880	14880
WA_A_CRIS_ST_9467	42397	38008	37840	37636	37049	37049
WA_A_CRIS_ST_9471	3987	3132	3129	3105	3049	3049
WA_A_CRIS_ST_9473	9732	8764	8764	8653	8622	8622
WA_A_CRIS_ST_9510	15300	14525	14525	14520	14313	14312
WA_A_CRIS_ST_9621	20049	17469	17461	17230	16815	16815
WA_A_CRIS_ST_9623	8407	6995	6991	6879	6789	6789
WA_A_CRIS_ST_9624	34463	31709	31652	31253	30905	30905
WA_A_FLOR_EG_7680	26420	16860	16854	16854	15237	15237
WA_A_FLOR_EG_7685	7907	6615	6611	6608	6066	6066
WA_A_FLOR_EG_9662	8025	3065	3061	3060	2957	2957
WA_A_FLOR_GL_7680	26069	20393	20388	20383	18790	18790
WA_A_FLOR_GL_7685	2367	2007	2007	2006	1840	1840
WA_A_FLOR_GL_7693	33874	26103	26101	26097	24865	24864
WA_A_FLOR_GL_7694	26697	20397	20394	20394	18983	18983
WA_A_FLOR_GL_7695	30120	22640	22638	22638	20662	20662
WA_A_FLOR_GL_7696	23366	16570	16569	16569	15358	15358
WA_A_FLOR_GL_7697	28202	21241	21228	21198	20400	20399
WA_A_FLOR_GL_9433	25440	23643	23642	23642	22038	22038
WA_A_FLOR_GL_9648	29830	28252	28235	28223	26883	26873
WA_A_FLOR_GL_9650	19791	18550	18544	18530	17335	17335
WA_A_FLOR_GL_9651	13445	11494	11469	11467	10844	10843
WA_A_FLOR_GL_9652	62026	58417	58414	58411	55704	55704
WA_A_FLOR_GL_9653	14801	13609	13605	13595	12909	12906
WA_A_FLOR_GL_9654	6695	5582	5578	5561	5489	5481
WA_A_FLOR_GL_9655	48968	46757	46742	46722	43187	43182
WA_A_FLOR_GL_9658	8609	8288	8284	8283	7750	7749
WA_A_FLOR_GL_9659	553	521	521	520	507	507
WA_A_FLOR_GL_9662	11286	10420	10417	10412	10086	10083
WA_A_FLOR_GL_9663	13694	12880	12873	12859	12171	12163
WA_A_FLOR_GL_9664	61179	58735	58726	58726	53309	53309
WA_A_FLOR_HP_7680	25928	19687	19682	19650	19092	19092
WA_A_FLOR_HP_7685	10251	8630	8628	8592	8225	8214
WA_A_FLOR_HP_7694	29640	21769	21765	21731	20949	20949
WA_A_FLOR_HP_7695	38143	27597	27587	27557	26592	26592
WA_A_FLOR_HP_7696	14031	9396	9394	9282	8467	8463
WA_A_FLOR_HP_7697	21403	12948	12945	12846	12680	12680
WA_A_FLOR_HP_9433	45028	42112	42111	42099	39536	39534
WA_A_FLOR_HP_9648	26300	24779	24745	24472	24207	24205
WA_A_FLOR_HP_9650	12863	11888	11888	11815	11500	11500
WA_A_FLOR_HP_9651	13619	11462	11445	11346	11185	11185
WA_A_FLOR_HP_9652	35779	18514	18509	17899	17833	17833
WA_A_FLOR_HP_9653	14311	13322	13321	13282	12956	12955
WA_A_FLOR_HP_9654	6921	5668	5634	5506	5467	5467
WA_A_FLOR_HP_9655	35474	32642	32639	32431	31902	31902
WA_A_FLOR_HP_9658	27168	25787	25783	25691	25455	25455
WA_A_FLOR_HP_9659	3101	2840	2837	2833	2741	2741
WA_A_FLOR_HP_9662	33024	29380	29374	28726	28524	28524
WA_A_FLOR_HP_9663	19359	17489	17489	16944	16783	16783
WA_A_FLOR_HP_9664	55902	51938	51930	51903	50066	50066
WA_A_FLOR_MG_7680	25924	19663	19657	19656	18806	18805
WA_A_FLOR_MG_7685	12616	10804	10804	10794	10534	10534
WA_A_FLOR_MG_7693	38346	26019	26019	26013	24899	24899
WA_A_FLOR_MG_7694	28576	21101	21099	21098	20138	20138
WA_A_FLOR_MG_7695	47153	32992	32992	32991	32125	32125
WA_A_FLOR_MG_7696	41801	33467	33466	33464	32497	32497
WA_A_FLOR_MG_7697	35755	22844	22842	22751	22427	22427
WA_A_FLOR_MG_9433	38692	36594	36593	36593	35480	35479
WA_A_FLOR_MG_9648	14482	13945	13945	13945	13664	13664
WA_A_FLOR_MG_9650	12864	11850	11850	11849	11597	11597
WA_A_FLOR_MG_9651	12214	10318	10318	10317	10057	10057
WA_A_FLOR_MG_9652	49684	47458	47456	47456	45941	45941
WA_A_FLOR_MG_9653	12796	12109	12109	12108	11845	11845
WA_A_FLOR_MG_9654	10853	9301	9298	9297	8971	8971
WA_A_FLOR_MG_9655	59887	57037	57028	57026	55067	55067
WA_A_FLOR_MG_9658	48320	46585	46582	46579	45624	45624
WA_A_FLOR_MG_9659	12634	11492	11491	11491	11228	11228
WA_A_FLOR_MG_9662	7747	7504	7504	7504	7408	7408
WA_A_FLOR_MG_9663	12401	11659	11659	11656	11424	11424
WA_A_FLOR_MG_9664	51834	49093	49092	49091	47447	47447
WA_A_FLOR_ST_7680	27604	21407	21399	21389	19748	19746
WA_A_FLOR_ST_7685	11694	9753	9751	9741	8976	8976
WA_A_FLOR_ST_7693	23692	17646	17639	17471	16455	16455
WA_A_FLOR_ST_7694	24919	18256	18244	18187	17553	17553
WA_A_FLOR_ST_7695	29639	21107	21107	21013	19911	19911
WA_A_FLOR_ST_7696	20891	13149	13148	13145	12367	12367
WA_A_FLOR_ST_7697	22361	14396	14396	14374	13899	13899
WA_A_FLOR_ST_9433	9621	8857	8852	8848	8191	8191
WA_A_FLOR_ST_9648	5244	4792	4783	4780	4549	4539
WA_A_FLOR_ST_9650	11824	8503	8501	8491	8236	8236
WA_A_FLOR_ST_9651	10330	8542	8535	8535	8339	8339
WA_A_FLOR_ST_9652	67157	62403	62363	62307	58190	58189
WA_A_FLOR_ST_9653	9780	8886	8885	8884	8679	8678
WA_A_FLOR_ST_9654	13380	11005	11000	10996	10541	10541
WA_A_FLOR_ST_9655	5960	4323	4316	4315	4193	4193
WA_A_FLOR_ST_9658	37555	28815	28806	28799	27659	27654
WA_A_FLOR_ST_9659	31919	28067	28053	28028	27451	27449
WA_A_FLOR_ST_9662	23600	20970	20898	20893	20087	20085
WA_A_FLOR_ST_9663	13650	9964	9964	9954	9614	9613
WA_A_FLOR_ST_9664	58831	53832	53817	53663	51959	51959
WA_A_FORM_EG_7457	2169	1703	1701	1695	1620	1620
WA_A_FORM_EG_7752	11071	8049	8043	8000	7868	7868
WA_A_FORM_EG_9400	25287	17270	17258	17256	16134	16134
WA_A_FORM_GL_7402	35389	28756	28751	28662	28023	28023
WA_A_FORM_GL_7403	19690	14786	14783	14783	13266	13266
WA_A_FORM_GL_7455	43782	42034	42033	42011	39771	39771
WA_A_FORM_GL_7456	15959	12117	12117	12090	11214	11214
WA_A_FORM_GL_7457	2341	1968	1962	1960	1914	1914
WA_A_FORM_GL_7458	13831	10027	10026	9930	9815	9815
WA_A_FORM_GL_7550	30200	16669	16667	16667	15867	15867
WA_A_FORM_GL_7551	4225	4022	4018	4012	3882	3882
WA_A_FORM_GL_7608	13578	11331	11329	11318	10631	10631
WA_A_FORM_GL_7609	2241	1722	1721	1713	1670	1670
WA_A_FORM_GL_7657	18612	12779	12773	12771	11866	11866
WA_A_FORM_GL_7658	18998	13049	13047	13045	12031	12031
WA_A_FORM_GL_7675	15770	9386	9386	9378	8923	8923
WA_A_FORM_GL_7712	22803	18728	18724	18666	17751	17751
WA_A_FORM_GL_7713	10260	8585	8582	8581	8023	8023
WA_A_FORM_GL_7748	25773	16298	16293	16286	15720	15720
WA_A_FORM_GL_7751	11226	9258	9254	9118	9058	9058
WA_A_FORM_GL_7752	7219	5900	5894	5841	5698	5698
WA_A_FORM_GL_7753	49802	37142	37136	37133	34066	34066
WA_A_FORM_GL_9400	21324	16790	16785	16779	16080	16080
WA_A_FORM_HP_7402	34665	22592	22591	22584	22514	22500
WA_A_FORM_HP_7403	27011	14041	14041	14031	13887	13887
WA_A_FORM_HP_7455	5903	5658	5658	5658	5615	5615
WA_A_FORM_HP_7456	8522	4883	4883	4748	4728	4728
WA_A_FORM_HP_7457	2080	1716	1716	1716	1716	1716
WA_A_FORM_HP_7458	15869	12190	12189	11771	11501	11498
WA_A_FORM_HP_7550	48397	22974	22974	22974	22919	22919
WA_A_FORM_HP_7551	17110	16214	16212	16206	16018	16018
WA_A_FORM_HP_7608	10146	8406	8406	8292	8155	8144
WA_A_FORM_HP_7609	2957	1989	1989	1968	1951	1951
WA_A_FORM_HP_7657	22990	13594	13589	13586	13175	13175
WA_A_FORM_HP_7658	25441	15229	15229	15227	14715	14715
WA_A_FORM_HP_7675	17423	10053	10051	10002	9905	9905
WA_A_FORM_HP_7712	24527	20549	20549	20536	20340	20340
WA_A_FORM_HP_7713	10325	8485	8479	8373	8237	8237
WA_A_FORM_HP_7748	15749	10824	10824	10820	10697	10677
WA_A_FORM_HP_7751	9412	7908	7908	7905	7904	7904
WA_A_FORM_HP_7752	11580	8610	8608	8155	8101	8099
WA_A_FORM_HP_7753	35505	24075	24074	24072	24025	24025
WA_A_FORM_HP_9400	15666	11242	11240	11236	10921	10921
WA_A_FORM_MG_7402	32343	21062	21057	20404	20253	20253
WA_A_FORM_MG_7403	13527	8247	8245	8160	8022	8022
WA_A_FORM_MG_7455	11624	10848	10845	10647	10585	10585
WA_A_FORM_MG_7456	11105	9466	9466	9465	9462	9462
WA_A_FORM_MG_7457	1896	1487	1486	1472	1453	1453
WA_A_FORM_MG_7550	27378	19094	19093	19093	18596	18596
WA_A_FORM_MG_7551	32397	29673	29670	29668	28560	28560
WA_A_FORM_MG_7608	10261	8559	8554	8519	8265	8265
WA_A_FORM_MG_7609	7798	5711	5711	5711	5628	5628
WA_A_FORM_MG_7658	19360	13571	13569	13547	13393	13393
WA_A_FORM_MG_7675	19507	12082	12082	12080	11962	11962
WA_A_FORM_MG_7712	18101	13446	13444	13120	12828	12828
WA_A_FORM_MG_7713	11090	9240	9238	9234	8991	8991
WA_A_FORM_MG_7748	13038	7877	7876	7875	7569	7569
WA_A_FORM_MG_7751	10743	8732	8722	8714	8370	8366
WA_A_FORM_MG_7752	2004	1697	1697	1696	1585	1584
WA_A_FORM_MG_7753	57472	37036	36980	36978	36022	36022
WA_A_FORM_MG_9400	15005	12129	5864	5863	5519	5519
WA_A_FORM_ST_7402	25120	16549	16549	16549	16435	16435
WA_A_FORM_ST_7403	17696	9218	9218	9217	9208	9208
WA_A_FORM_ST_7455	13758	13263	13263	13263	13077	13077
WA_A_FORM_ST_7456	18623	10212	10212	10208	10145	10145
WA_A_FORM_ST_7457	1621	1335	1335	1335	1324	1324
WA_A_FORM_ST_7458	27470	19316	19313	19310	18960	18960
WA_A_FORM_ST_7550	26125	14544	14544	14544	14055	14055
WA_A_FORM_ST_7551	9303	8825	8825	8825	8604	8604
WA_A_FORM_ST_7608	7526	6168	6168	6162	6114	6114
WA_A_FORM_ST_7609	15728	10694	10693	10693	10683	10683
WA_A_FORM_ST_7657	5944	2972	2972	2972	2969	2969
WA_A_FORM_ST_7658	13458	6698	6698	6696	6664	6664
WA_A_FORM_ST_7675	22803	13533	13532	13492	13206	13206
WA_A_FORM_ST_7712	11877	7688	7688	7684	7631	7631
WA_A_FORM_ST_7713	7502	6110	6107	6088	5918	5918
WA_A_FORM_ST_7748	21704	10994	10993	10993	10957	10957
WA_A_FORM_ST_7751	10983	9228	9226	9222	8967	8967
WA_A_FORM_ST_7752	14141	11478	11475	11471	10708	10708
WA_A_FORM_ST_7753	14397	9493	9488	9487	9334	9333
WA_A_FORM_ST_9400	9253	5963	5963	5963	5948	5948
WA_A_NUTT_EG_7525	7301	6270	6257	6256	5772	5772
WA_A_NUTT_EG_7526	34695	20684	20678	20678	18901	18901
WA_A_NUTT_EG_7529	33496	23804	23774	23764	22524	22524
WA_A_NUTT_EG_9406	22972	21609	21606	21599	19857	19857
WA_A_NUTT_EG_9408	1713	1475	1473	1473	1259	1259
WA_A_NUTT_EG_9410	661	570	570	14	14	14
WA_A_NUTT_EG_9459	17572	16781	16780	16776	15653	15653
WA_A_NUTT_GL_7389	36271	33347	33345	33345	31321	31321
WA_A_NUTT_GL_7426	28012	22756	22756	22754	21282	21282
WA_A_NUTT_GL_7428	32718	31229	31221	31220	29733	29733
WA_A_NUTT_GL_7429	44882	40681	40677	40676	37648	37648
WA_A_NUTT_GL_7430	2594	2457	2454	2448	2373	2373
WA_A_NUTT_GL_7431	25002	14760	14759	14759	14136	14136
WA_A_NUTT_GL_7491	19676	15261	15260	15258	14107	14107
WA_A_NUTT_GL_7492	49748	33706	33694	33680	31064	31064
WA_A_NUTT_GL_7525	6995	6046	6038	6037	5660	5660
WA_A_NUTT_GL_7526	37789	25429	25404	25394	23237	23237
WA_A_NUTT_GL_7527	19155	15687	15685	15684	14768	14768
WA_A_NUTT_GL_7528	116663	94628	94551	94547	84695	84695
WA_A_NUTT_GL_7529	31552	23010	22992	22989	21620	21619
WA_A_NUTT_GL_9405	1592	1331	1330	1319	1295	1295
WA_A_NUTT_GL_9406	5394	4402	4394	4391	4181	4181
WA_A_NUTT_GL_9408	2595	2243	2243	2243	2091	2091
WA_A_NUTT_GL_9409	31009	29756	29754	29754	26030	26030
WA_A_NUTT_GL_9410	8713	7524	7520	7520	6820	6820
WA_A_NUTT_GL_9459	25914	24728	24724	24640	23444	23444
WA_A_NUTT_GL_9460	27203	26087	26080	26078	24267	24267
WA_A_NUTT_HP_7389	20683	18565	18559	18079	17889	17889
WA_A_NUTT_HP_7426	18736	14048	14044	13979	13669	13669
WA_A_NUTT_HP_7428	7387	7095	7095	7081	6996	6996
WA_A_NUTT_HP_7429	54905	52514	52506	52501	51466	51466
WA_A_NUTT_HP_7430	13015	11975	11971	11498	11276	11276
WA_A_NUTT_HP_7431	11737	7464	7463	7438	7310	7310
WA_A_NUTT_HP_7491	12600	6689	6689	6681	6598	6598
WA_A_NUTT_HP_7492	23235	11287	11275	11275	11017	11017
WA_A_NUTT_HP_7525	6137	5176	5176	5173	5157	5157
WA_A_NUTT_HP_7526	34767	16568	16562	16561	16078	16078
WA_A_NUTT_HP_7527	27873	18092	18091	18091	17624	17624
WA_A_NUTT_HP_7528	61645	41570	41555	41520	37725	37725
WA_A_NUTT_HP_7529	23839	19536	19535	19532	19432	19432
WA_A_NUTT_HP_9405	2133	1809	1806	1804	1778	1778
WA_A_NUTT_HP_9406	6082	1919	1919	1919	1907	1907
WA_A_NUTT_HP_9408	2798	2314	2314	2312	2264	2264
WA_A_NUTT_HP_9409	14374	13924	13923	13893	13718	13718
WA_A_NUTT_HP_9410	9945	8404	8404	8403	8368	8368
WA_A_NUTT_HP_9459	9943	9215	9154	8765	8726	8726
WA_A_NUTT_HP_9460	36694	33744	33727	33679	31979	31979
WA_A_NUTT_MG_7389	3008	2896	2896	2896	2831	2831
WA_A_NUTT_MG_7426	20046	15922	15921	15921	15018	15018
WA_A_NUTT_MG_7428	32303	30980	30979	30979	30791	30791
WA_A_NUTT_MG_7429	65030	60035	60032	60032	59435	59435
WA_A_NUTT_MG_7430	5811	5401	5401	5401	5332	5332
WA_A_NUTT_MG_7431	19360	16233	16233	16233	16102	16102
WA_A_NUTT_MG_7491	28015	19471	19469	19469	18801	18801
WA_A_NUTT_MG_7492	29369	17104	17104	17104	16398	16398
WA_A_NUTT_MG_7525	5620	4809	4809	4809	4577	4577
WA_A_NUTT_MG_7526	24428	15530	15529	15529	14507	14507
WA_A_NUTT_MG_7527	22628	14423	14423	14422	14100	14100
WA_A_NUTT_MG_7528	29459	17147	17146	17146	16086	16086
WA_A_NUTT_MG_7529	30898	20184	20184	20180	18684	18684
WA_A_NUTT_MG_9405	2364	2030	2030	2030	1999	1999
WA_A_NUTT_MG_9406	18639	18007	18007	18007	17374	17374
WA_A_NUTT_MG_9408	2103	1813	1813	1813	1738	1738
WA_A_NUTT_MG_9409	3051	2967	2967	2967	2957	2957
WA_A_NUTT_MG_9410	11271	9580	9580	9580	9298	9298
WA_A_NUTT_MG_9459	34456	33213	33212	33212	32389	32389
WA_A_NUTT_MG_9460	45483	42417	42415	42415	38244	38244
WA_A_NUTT_ST_7389	2897	2751	2751	2751	2682	2682
WA_A_NUTT_ST_7426	25970	20201	20197	20191	18974	18974
WA_A_NUTT_ST_7428	22525	21454	21451	21448	19969	19969
WA_A_NUTT_ST_7429	40440	38021	38007	37977	37006	37006
WA_A_NUTT_ST_7430	2137	1963	1963	1928	1867	1867
WA_A_NUTT_ST_7431	32449	24535	24512	24503	22593	22593
WA_A_NUTT_ST_7491	13142	10354	10351	10335	10069	10069
WA_A_NUTT_ST_7492	30768	19419	19407	19407	18521	18521
WA_A_NUTT_ST_7525	6446	5440	5439	5437	5139	5139
WA_A_NUTT_ST_7526	21878	16043	16043	16043	15355	15355
WA_A_NUTT_ST_7527	23373	18933	18931	18931	18567	18567
WA_A_NUTT_ST_7528	34753	22319	22300	22255	21768	21768
WA_A_NUTT_ST_7529	25149	18999	18996	18994	18290	18290
WA_A_NUTT_ST_9405	1799	1506	1504	1504	1404	1404
WA_A_NUTT_ST_9406	26462	24880	24879	24878	24113	24113
WA_A_NUTT_ST_9408	1414	1209	1209	1209	1160	1160
WA_A_NUTT_ST_9409	7764	7057	7056	7042	6858	6858
WA_A_NUTT_ST_9410	9331	7841	7840	7839	7637	7635
WA_A_NUTT_ST_9459	26735	25501	25499	25459	24907	24907
WA_A_NUTT_ST_9460	45178	40839	40836	40815	38613	38613
WA_A_PARA_EG_7451	14206	10949	10914	10905	10318	10318
WA_A_PARA_EG_7706	7979	5333	5320	5312	4994	4994
WA_A_PARA_EG_7708	7957	6542	6535	6527	6074	6074
WA_A_PARA_EG_9364	36453	34366	34363	34343	32254	32254
WA_A_PARA_EG_9478	54923	50855	50799	50670	48847	48847
WA_A_PARA_EG_9483	6509	4649	4644	4631	4535	4535
WA_A_PARA_EG_9486	61593	54556	54537	54471	51452	51452
WA_A_PARA_GL_7405	2830	2686	2686	2685	2563	2563
WA_A_PARA_GL_7451	15481	11795	11756	11687	11475	11475
WA_A_PARA_GL_7453	53664	50356	50330	50303	45714	45714
WA_A_PARA_GL_7459	17243	15911	15898	15779	15545	15545
WA_A_PARA_GL_7460	3506	3303	3303	3302	3252	3252
WA_A_PARA_GL_7462	29161	16843	16841	16840	15983	15983
WA_A_PARA_GL_7464	36688	29948	29947	29945	28115	28115
WA_A_PARA_GL_7467	30723	18829	18825	18824	17810	17810
WA_A_PARA_GL_7706	12074	9557	9549	9404	8935	8935
WA_A_PARA_GL_7708	8159	6799	6791	6777	6473	6473
WA_A_PARA_GL_9364	16877	15629	15628	15545	14834	14834
WA_A_PARA_GL_9399	9706	8142	8139	8085	7940	7940
WA_A_PARA_GL_9474	381	364	364	364	328	328
WA_A_PARA_GL_9476	23611	21952	21951	21951	21661	21661
WA_A_PARA_GL_9477	44785	42854	42848	42846	39870	39870
WA_A_PARA_GL_9478	46688	41597	41593	41118	40703	40703
WA_A_PARA_GL_9480	2307	2019	2019	2019	1976	1976
WA_A_PARA_GL_9483	6519	5285	5280	5231	5117	5117
WA_A_PARA_GL_9486	36457	33695	33693	33609	32539	32539
WA_A_PARA_HP_7405	4547	4202	4202	4083	4018	4018
WA_A_PARA_HP_7451	3039	2121	2113	2092	2074	2074
WA_A_PARA_HP_7453	29084	25154	25149	24304	23676	23676
WA_A_PARA_HP_7459	14481	11889	11878	11209	11168	11168
WA_A_PARA_HP_7460	14214	12855	12849	12796	12613	12613
WA_A_PARA_HP_7462	21504	12697	12697	12541	12358	12358
WA_A_PARA_HP_7464	25471	18367	18364	18007	17882	17882
WA_A_PARA_HP_7467	14208	8622	8620	8169	8081	8081
WA_A_PARA_HP_7706	10317	8206	8202	7704	7448	7448
WA_A_PARA_HP_7708	8087	6254	6252	6151	6092	6092
WA_A_PARA_HP_9364	1944	1400	1398	1325	1325	1325
WA_A_PARA_HP_9399	11407	9444	9444	9442	9437	9437
WA_A_PARA_HP_9474	6495	6007	6002	5828	5805	5805
WA_A_PARA_HP_9476	31275	29401	29400	29381	29077	29077
WA_A_PARA_HP_9477	4700	4163	4163	3930	3919	3919
WA_A_PARA_HP_9478	12147	10448	10446	9589	9585	9585
WA_A_PARA_HP_9480	2340	1916	1909	1905	1854	1854
WA_A_PARA_HP_9483	7205	6017	6017	6017	6005	6005
WA_A_PARA_HP_9486	46631	44341	44340	44285	44146	44146
WA_A_PARA_MG_7405	12047	11447	11446	11445	11247	11247
WA_A_PARA_MG_7451	11544	9649	9632	9567	9480	9480
WA_A_PARA_MG_7453	26318	24476	24473	24332	23538	23538
WA_A_PARA_MG_7459	30054	28663	28652	28636	27054	27054
WA_A_PARA_MG_7460	4074	3643	3640	3611	3595	3595
WA_A_PARA_MG_7462	34745	28002	28000	27997	27518	27518
WA_A_PARA_MG_7464	33683	24489	24488	24412	23643	23642
WA_A_PARA_MG_7467	29877	15873	15872	15865	15492	15492
WA_A_PARA_MG_7706	3079	2665	2665	2656	2648	2647
WA_A_PARA_MG_7708	11204	9751	9750	9742	9620	9620
WA_A_PARA_MG_9364	496	485	485	485	479	479
WA_A_PARA_MG_9399	7308	6119	6118	6007	5978	5978
WA_A_PARA_MG_9474	29177	27197	27197	27035	26963	26963
WA_A_PARA_MG_9476	45683	42684	42681	42518	42331	42331
WA_A_PARA_MG_9477	3443	3227	3227	3222	3194	3194
WA_A_PARA_MG_9478	67389	63352	63348	63340	60753	60751
WA_A_PARA_MG_9480	3176	2697	2695	2689	2600	2600
WA_A_PARA_MG_9483	6859	5890	5889	5889	5764	5764
WA_A_PARA_MG_9486	53759	49053	49049	49026	46889	46889
WA_A_PARA_ST_7405	4594	4192	4191	4186	4046	4046
WA_A_PARA_ST_7451	14378	11484	11481	11441	10983	10982
WA_A_PARA_ST_7453	5432	5136	5134	5116	4981	4981
WA_A_PARA_ST_7459	8411	7847	7844	7819	7498	7498
WA_A_PARA_ST_7460	2313	2072	2069	2068	2039	2039
WA_A_PARA_ST_7462	24352	17231	17230	17229	16841	16841
WA_A_PARA_ST_7464	29554	21421	21406	21337	20698	20697
WA_A_PARA_ST_7467	25989	17067	17042	17014	16235	16235
WA_A_PARA_ST_7706	12690	9764	9760	9570	9219	9219
WA_A_PARA_ST_7708	1742	1439	1438	1435	1393	1393
WA_A_PARA_ST_9364	7607	6348	6346	6346	6293	6293
WA_A_PARA_ST_9399	8771	6837	6823	6804	6625	6480
WA_A_PARA_ST_9474	37874	36167	36163	36142	34826	34826
WA_A_PARA_ST_9476	35692	31478	31478	31303	30670	30670
WA_A_PARA_ST_9477	348	319	317	316	313	313
WA_A_PARA_ST_9478	54637	47625	47569	47395	46100	46093
WA_A_PARA_ST_9480	16325	13062	13062	13062	12722	12722
WA_A_PARA_ST_9483	6603	5450	5450	5449	5340	5340
WA_A_PARA_ST_9486	54375	49295	49283	49247	47706	47706
WA_A_PCNS_EG_7506	34745	27394	27384	27344	25922	25922
WA_A_PCNS_EG_7600	33195	23551	23548	23544	22588	22588
WA_A_PCNS_EG_7601	19760	14784	14777	14571	14331	14331
WA_A_PCNS_EG_7604	12023	6840	6834	6819	6740	6739
WA_A_PCNS_EG_7702	11628	9012	9000	8981	8635	8635
WA_A_PCNS_EG_7715	15114	10430	10428	10427	9711	9711
WA_A_PCNS_EG_9443	34916	33175	33167	33167	31547	31547
WA_A_PCNS_EG_9515	58316	53711	53700	53592	52503	52503
WA_A_PCNS_EG_9516	39129	22434	22424	21716	21609	21609
WA_A_PCNS_GL_7399	5032	4749	4748	4429	4243	4243
WA_A_PCNS_GL_7445	3729	3416	3416	2857	2841	2841
WA_A_PCNS_GL_7446	33999	23991	23987	23909	23249	23249
WA_A_PCNS_GL_7506	33978	24695	24691	24602	23842	23842
WA_A_PCNS_GL_7552	7486	6293	6291	6261	6175	6175
WA_A_PCNS_GL_7554	4107	2882	2882	2650	2642	2642
WA_A_PCNS_GL_7600	18792	13069	13068	12713	12564	12564
WA_A_PCNS_GL_7601	33353	22582	22578	22373	22317	22317
WA_A_PCNS_GL_7603	13739	9884	9882	9693	9586	9586
WA_A_PCNS_GL_7604	19617	14227	14224	13552	13409	13409
WA_A_PCNS_GL_7637	14331	10811	10806	10734	10499	10499
WA_A_PCNS_GL_7702	5113	4101	4096	3816	3805	3805
WA_A_PCNS_GL_7715	18541	12211	12210	11845	11739	11739
WA_A_PCNS_GL_9374	13382	12507	12504	11222	10642	10642
WA_A_PCNS_GL_9442	4315	3650	3647	3236	3200	3200
WA_A_PCNS_GL_9443	13299	12536	12534	12053	11960	11960
WA_A_PCNS_GL_9513	11837	10335	10333	10292	10224	10224
WA_A_PCNS_GL_9515	50986	48730	48723	47771	46891	46891
WA_A_PCNS_GL_9516	55584	50789	50779	48924	47981	47981
WA_A_PCNS_GL_9519	26543	25346	25344	24985	24560	24560
WA_A_PCNS_HP_7399	16497	15478	15475	15030	14834	14817
WA_A_PCNS_HP_7445	12836	11723	11722	11435	11208	11208
WA_A_PCNS_HP_7446	24650	15533	15533	14967	14742	14742
WA_A_PCNS_HP_7506	24916	19010	19007	18961	18603	18603
WA_A_PCNS_HP_7552	8523	7239	7238	7187	7107	7107
WA_A_PCNS_HP_7554	6444	5185	5184	5156	5114	5114
WA_A_PCNS_HP_7600	22354	15266	15230	15061	14923	14923
WA_A_PCNS_HP_7601	65365	41715	41705	41405	41293	41293
WA_A_PCNS_HP_7603	24478	18043	18038	17857	17513	17513
WA_A_PCNS_HP_7604	6730	3876	3875	3812	3803	3803
WA_A_PCNS_HP_7637	20341	15272	15271	15150	14894	14894
WA_A_PCNS_HP_7702	15820	13269	13267	13239	13103	13103
WA_A_PCNS_HP_7715	8733	4922	4919	4866	4851	4851
WA_A_PCNS_HP_9374	13458	12413	12413	12407	12146	12146
WA_A_PCNS_HP_9442	4370	3784	3783	3722	3700	3700
WA_A_PCNS_HP_9443	29119	27434	27349	26110	25940	25940
WA_A_PCNS_HP_9513	1631	1346	1346	1298	1293	1293
WA_A_PCNS_HP_9515	18805	17553	17539	16432	16410	16410
WA_A_PCNS_HP_9516	22588	20885	20879	20375	20227	20227
WA_A_PCNS_HP_9519	13356	12785	12784	12466	12394	12390
WA_A_PCNS_MG_7399	30450	28446	28445	28434	28137	28137
WA_A_PCNS_MG_7445	6563	6108	6108	6108	6034	6034
WA_A_PCNS_MG_7446	22538	14638	14638	14636	14396	14396
WA_A_PCNS_MG_7552	8068	6994	6994	6994	6956	6956
WA_A_PCNS_MG_7554	11409	7998	7998	7998	7933	7933
WA_A_PCNS_MG_7600	28905	21434	21434	21296	20986	20986
WA_A_PCNS_MG_7601	54722	38015	38013	37937	37479	37479
WA_A_PCNS_MG_7603	15586	10750	10746	10454	10312	10312
WA_A_PCNS_MG_7604	20032	10538	10538	10538	10417	10417
WA_A_PCNS_MG_7637	19755	14730	14730	14729	14501	14501
WA_A_PCNS_MG_7702	9880	8291	8291	8257	8181	8181
WA_A_PCNS_MG_7715	27262	13897	13894	13843	13747	13747
WA_A_PCNS_MG_9374	13325	12267	12266	12236	12111	12108
WA_A_PCNS_MG_9442	8106	6980	6980	6980	6876	6876
WA_A_PCNS_MG_9443	11291	10914	10914	10914	10807	10807
WA_A_PCNS_MG_9513	590	542	542	542	541	541
WA_A_PCNS_MG_9515	63241	60190	60188	60175	59390	59390
WA_A_PCNS_MG_9516	43408	40451	40449	40402	40340	40340
WA_A_PCNS_MG_9519	2533	2451	2450	2450	2434	2434
WA_A_PCNS_ST_7399	35573	33064	33062	32629	31646	31646
WA_A_PCNS_ST_7445	3595	3001	3001	2953	2897	2897
WA_A_PCNS_ST_7446	32466	19855	19852	19588	18783	18782
WA_A_PCNS_ST_7506	22726	16713	16713	16552	16240	16240
WA_A_PCNS_ST_7552	10446	8265	8264	8236	7985	7985
WA_A_PCNS_ST_7554	4401	3546	3546	3539	3504	3504
WA_A_PCNS_ST_7600	19689	13988	13986	13881	13589	13588
WA_A_PCNS_ST_7601	45456	31283	31265	30554	30071	30069
WA_A_PCNS_ST_7603	18207	11038	11033	11003	10599	10599
WA_A_PCNS_ST_7604	35560	22986	22975	22839	22081	22081
WA_A_PCNS_ST_7637	22613	16672	16670	16629	15993	15993
WA_A_PCNS_ST_7702	13557	11396	11395	11366	11103	11103
WA_A_PCNS_ST_7715	9098	5129	5125	4588	4574	4574
WA_A_PCNS_ST_9374	15605	14256	14256	14207	13945	13945
WA_A_PCNS_ST_9442	4183	3609	3608	3587	3508	3508
WA_A_PCNS_ST_9443	45501	42266	42259	41800	41124	41124
WA_A_PCNS_ST_9513	8152	7468	7460	7422	7334	7334
WA_A_PCNS_ST_9515	27191	25226	25223	25013	24794	24794
WA_A_PCNS_ST_9516	35062	32453	32449	32296	32098	32098
WA_A_PCNS_ST_9519	6401	6079	6078	6070	5992	5991
WA_A_PCWS_EG_7444	25610	16099	16096	16093	14867	14867
WA_A_PCWS_EG_7450	3032	2717	2717	2701	2687	2687
WA_A_PCWS_EG_7558	21069	15583	15581	15577	14966	14966
WA_A_PCWS_EG_7559	26263	25209	25202	25186	24304	24304
WA_A_PCWS_EG_9438	1759	1224	1223	1223	1179	1179
WA_A_PCWS_EG_9440	6158	5237	5204	5171	5067	5067
WA_A_PCWS_EG_9522	53913	50480	50453	50425	48130	48128
WA_A_PCWS_GL_7410	4611	4366	4366	4156	4144	4144
WA_A_PCWS_GL_7439	34355	23525	23523	23497	23219	23219
WA_A_PCWS_GL_7440	5056	4780	4778	4742	4634	4634
WA_A_PCWS_GL_7441	4036	3716	3716	3682	3660	3660
WA_A_PCWS_GL_7442	23977	19061	19059	18426	18270	18270
WA_A_PCWS_GL_7443	41453	38939	38939	38416	38093	38093
WA_A_PCWS_GL_7444	19643	13395	13393	13321	13079	13079
WA_A_PCWS_GL_7450	6699	6275	6273	6060	5995	5995
WA_A_PCWS_GL_7555	15894	12269	12267	12224	12122	12122
WA_A_PCWS_GL_7556	24231	12473	12473	12465	12321	12321
WA_A_PCWS_GL_7557	11449	9155	9152	8575	8530	8530
WA_A_PCWS_GL_7558	14216	9177	9177	9177	9058	9058
WA_A_PCWS_GL_7559	21578	20114	20112	19874	19610	19610
WA_A_PCWS_GL_7672	10938	7583	7581	7428	7340	7340
WA_A_PCWS_GL_9438	1940	1646	1646	1632	1606	1606
WA_A_PCWS_GL_9439	55598	51775	51767	51587	50774	50772
WA_A_PCWS_GL_9440	3396	2887	2887	2808	2783	2783
WA_A_PCWS_GL_9522	51087	45600	45563	44865	44359	44359
WA_A_PCWS_HP_7400	26200	18790	18790	18600	18370	18370
WA_A_PCWS_HP_7410	4502	4148	4147	3984	3969	3969
WA_A_PCWS_HP_7439	19169	13283	13281	13157	13073	13073
WA_A_PCWS_HP_7440	4114	3924	3924	3920	3857	3851
WA_A_PCWS_HP_7441	7738	7386	7386	7348	7307	7307
WA_A_PCWS_HP_7442	27448	22362	22360	22161	21869	21869
WA_A_PCWS_HP_7443	32017	29363	29363	29112	28535	28535
WA_A_PCWS_HP_7444	28813	17903	17902	17815	17553	17553
WA_A_PCWS_HP_7450	18635	16119	15955	15500	15438	15434
WA_A_PCWS_HP_7555	21353	15755	15753	15729	15572	15572
WA_A_PCWS_HP_7556	19755	10438	10437	10437	10050	10050
WA_A_PCWS_HP_7557	13230	10217	10215	9600	9527	9527
WA_A_PCWS_HP_7558	19771	9954	9953	9939	9815	9815
WA_A_PCWS_HP_7559	31603	30338	30338	30252	30131	30131
WA_A_PCWS_HP_7672	17809	13576	13573	13237	13033	13008
WA_A_PCWS_HP_9438	2302	1983	1983	1980	1971	1971
WA_A_PCWS_HP_9439	15587	13743	13741	13473	13366	13366
WA_A_PCWS_HP_9440	5588	4778	4777	4757	4741	4741
WA_A_PCWS_HP_9522	58041	38930	38900	38070	37006	37006
WA_A_PCWS_MG_7400	44010	35480	35480	35480	34981	34981
WA_A_PCWS_MG_7410	18517	17670	17668	17667	17427	17427
WA_A_PCWS_MG_7439	26052	21501	21499	21498	21318	21318
WA_A_PCWS_MG_7440	15654	14867	14866	14864	14619	14619
WA_A_PCWS_MG_7441	20624	19704	19704	19700	19608	19608
WA_A_PCWS_MG_7442	32109	25762	25762	25758	25222	25222
WA_A_PCWS_MG_7443	28494	26776	26776	26776	26602	26602
WA_A_PCWS_MG_7444	26829	22239	22238	22238	22174	22174
WA_A_PCWS_MG_7450	47498	44331	44331	44320	43807	43807
WA_A_PCWS_MG_7555	33430	23622	23622	23622	23434	23434
WA_A_PCWS_MG_7556	21284	14585	14582	14582	14354	14354
WA_A_PCWS_MG_7557	8822	7564	7564	7564	7520	7520
WA_A_PCWS_MG_7558	30363	25681	25681	25680	25263	25263
WA_A_PCWS_MG_7559	11153	10798	10798	10779	10750	10750
WA_A_PCWS_MG_7672	19739	12508	12505	12503	12350	12344
WA_A_PCWS_MG_9438	2622	2257	2257	2256	2244	2244
WA_A_PCWS_MG_9439	43716	41655	41655	41645	40330	40330
WA_A_PCWS_MG_9440	9790	8455	8455	8454	8277	8277
WA_A_PCWS_MG_9522	63002	57313	57305	57200	56474	56474
WA_A_PCWS_ST_7400	30937	24282	24281	24236	24017	24009
WA_A_PCWS_ST_7410	6076	5447	5447	5209	5049	5049
WA_A_PCWS_ST_7439	24388	14274	14271	14144	13977	13977
WA_A_PCWS_ST_7440	7641	6766	6761	6562	6386	6386
WA_A_PCWS_ST_7441	31018	28522	28514	28139	27602	27602
WA_A_PCWS_ST_7442	20375	16425	16425	16425	16213	16213
WA_A_PCWS_ST_7443	3891	3677	3677	3665	3540	3540
WA_A_PCWS_ST_7444	36648	21855	21853	21809	21423	21423
WA_A_PCWS_ST_7450	40227	31641	31501	31086	30849	30849
WA_A_PCWS_ST_7555	29840	17620	17611	17552	17339	17339
WA_A_PCWS_ST_7556	23606	11720	11720	11720	11699	11699
WA_A_PCWS_ST_7557	6927	5872	5871	5666	5598	5598
WA_A_PCWS_ST_7558	21432	11389	11389	11354	11079	11079
WA_A_PCWS_ST_7559	23519	22447	22447	22375	21901	21901
WA_A_PCWS_ST_7672	47567	27815	27666	26732	26418	25198
WA_A_PCWS_ST_9438	1900	1605	1604	1595	1578	1578
WA_A_PCWS_ST_9439	11654	10015	10015	10009	9873	9873
WA_A_PCWS_ST_9440	6890	5676	5666	5640	5550	5550
WA_A_PCWS_ST_9522	57643	52865	52855	52790	49808	49800
WA_A_PLAT_EG_9369	5847	5034	5033	5033	4722	4722
WA_A_PLAT_GL_9369	13058	11268	11267	11267	10279	10279
WA_A_PLAT_HP_9369	12255	10146	10145	10109	9987	9987
WA_A_PLAT_MG_9369	5011	4329	4329	4329	4266	4266
WA_A_PLAT_ST_9369	7162	5513	5511	5511	5088	5088
WA_A_SIMU_GL_7486	41338	36639	36635	35893	35499	35499
WA_A_SIMU_GL_7717	42997	36894	36886	36588	35933	35933
WA_A_SIMU_GL_7718	9446	6824	6710	5865	5732	5732
WA_A_SIMU_HP_7486	31019	28494	28484	28161	28019	27956
WA_A_SIMU_HP_7717	5878	4640	4640	4503	4466	4466
WA_A_SIMU_HP_7718	8393	6926	6924	6405	6362	6362
WA_A_SIMU_MG_7486	5431	5035	5028	4819	4785	4785
WA_A_SIMU_MG_7717	12549	10947	10945	10570	10429	10429
WA_A_SIMU_MG_7718	10039	8144	8137	7082	7003	7003
WA_A_THOM_EG_9420	16451	15804	15803	15803	15184	15184
WA_A_THOM_GL_7391	28030	22193	22192	22188	21577	21577
WA_A_THOM_GL_7392	10059	8796	8795	8792	8228	8228
WA_A_THOM_GL_7393	35508	28037	28037	27915	27035	27035
WA_A_THOM_GL_7416	2298	1940	1940	1939	1811	1811
WA_A_THOM_GL_7417	124033	94041	94022	93923	86133	86133
WA_A_THOM_GL_7419	3229	3058	3058	3020	2873	2873
WA_A_THOM_GL_7420	17347	12929	12927	12881	12569	12569
WA_A_THOM_GL_7480	9981	6867	6866	6843	6692	6692
WA_A_THOM_GL_7502	21927	16188	16182	16181	14788	14788
WA_A_THOM_GL_7503	47169	43036	43025	42955	39977	39977
WA_A_THOM_GL_7540	14479	10344	10337	10324	9671	9671
WA_A_THOM_GL_7541	2969	2751	2751	2737	2622	2622
WA_A_THOM_GL_7543	82265	60532	60520	60464	59104	59104
WA_A_THOM_GL_7544	19862	14924	14920	14766	14436	14436
WA_A_THOM_GL_9384	21629	16371	16367	16324	15678	15678
WA_A_THOM_GL_9385	1570	1345	1345	1344	1327	1327
WA_A_THOM_GL_9387	15807	11850	11843	11201	10981	10981
WA_A_THOM_GL_9389	37791	36143	36141	36059	35136	35136
WA_A_THOM_GL_9420	31291	29888	29886	29870	28794	28794
WA_A_THOM_HP_7391	30681	25674	25674	25671	25663	25663
WA_A_THOM_HP_7392	1592	1360	1359	1338	1320	1320
WA_A_THOM_HP_7393	17689	11540	11539	11159	11012	11011
WA_A_THOM_HP_7416	10063	8426	8426	8414	8309	8309
WA_A_THOM_HP_7417	97755	53664	53662	53653	52947	52940
WA_A_THOM_HP_7419	13340	12446	12446	12282	12014	12014
WA_A_THOM_HP_7420	7452	4104	4104	4102	4063	4063
WA_A_THOM_HP_7480	13957	10643	10642	10583	10259	10259
WA_A_THOM_HP_7502	61974	30980	30978	30878	30670	30670
WA_A_THOM_HP_7503	35137	32842	32834	32776	32370	32370
WA_A_THOM_HP_7540	8871	4901	4901	4896	4840	4840
WA_A_THOM_HP_7541	10212	9547	9547	9002	8623	8623
WA_A_THOM_HP_7543	64840	56007	56004	55848	55422	55422
WA_A_THOM_HP_7544	21075	17840	17839	17837	17827	17827
WA_A_THOM_HP_9384	17272	11436	11436	11433	11271	11271
WA_A_THOM_HP_9385	1866	1498	1498	1464	1447	1447
WA_A_THOM_HP_9387	18916	12819	12819	12814	12791	12791
WA_A_THOM_HP_9389	9310	8564	8564	8564	8564	8564
WA_A_THOM_HP_9420	22384	21279	21276	21225	21107	21107
WA_A_THOM_MG_7391	27306	20644	20644	20643	19986	19986
WA_A_THOM_MG_7392	2571	2217	2217	2217	2203	2203
WA_A_THOM_MG_7393	22904	15811	15809	15797	15541	15541
WA_A_THOM_MG_7416	11364	9791	9791	9789	9475	9475
WA_A_THOM_MG_7417	88970	69326	69322	69226	67751	67749
WA_A_THOM_MG_7420	31646	23697	23692	23602	22393	22393
WA_A_THOM_MG_7480	2366	2014	2014	2014	1969	1969
WA_A_THOM_MG_7502	27689	15759	15755	15748	15399	15399
WA_A_THOM_MG_7503	26793	25465	25464	25430	25104	25104
WA_A_THOM_MG_7540	19002	12438	12436	12422	12101	12101
WA_A_THOM_MG_7541	21263	20157	20155	20141	19854	19854
WA_A_THOM_MG_7543	139156	113390	113387	113291	108339	108339
WA_A_THOM_MG_7544	23643	16644	16642	16639	16131	16131
WA_A_THOM_MG_9384	15126	10858	10857	10852	10364	10364
WA_A_THOM_MG_9387	22266	15744	15744	15743	15547	15547
WA_A_THOM_MG_9389	2328	2051	2050	2035	2019	2019
WA_A_THOM_MG_9420	33833	31095	31094	31094	30016	30016
WA_A_THOM_ST_7391	23895	19309	19309	19278	18709	18709
WA_A_THOM_ST_7392	1718	1470	1470	1455	1407	1407
WA_A_THOM_ST_7393	21331	15003	14999	14978	14469	14469
WA_A_THOM_ST_7416	14411	11862	11861	11674	11165	11165
WA_A_THOM_ST_7417	121610	89505	89497	89416	85990	85990
WA_A_THOM_ST_7419	5957	5448	5448	5423	5206	5206
WA_A_THOM_ST_7420	3761	1954	1954	1953	1935	1935
WA_A_THOM_ST_7480	23719	19182	19181	19157	18744	18744
WA_A_THOM_ST_7502	33954	18470	18469	18442	17150	17142
WA_A_THOM_ST_7503	43799	39850	39843	39714	37777	37776
WA_A_THOM_ST_7540	15172	10660	10659	10649	10299	10299
WA_A_THOM_ST_7541	41277	36877	36872	36241	35054	35054
WA_A_THOM_ST_7543	121248	91080	91074	90735	87998	87998
WA_A_THOM_ST_7544	21500	16694	16692	16677	16323	16323
WA_A_THOM_ST_9384	18758	12026	12025	12025	12017	12017
WA_A_THOM_ST_9385	1888	1495	1493	1482	1457	1457
WA_A_THOM_ST_9387	28075	20150	20144	20030	19703	19703
WA_A_THOM_ST_9389	271	199	199	199	199	199
WA_A_THOM_ST_9420	38103	35454	35453	35450	34522	34521
WA_A_VERR_EG_7606	12172	9907	9903	9896	9141	9141
WA_A_VERR_EG_7607	12390	10094	10090	10089	9471	9471
WA_A_VERR_EG_9501	1771	1511	1510	1510	1401	1401
WA_A_VERR_GL_7606	12612	10629	10629	10624	10030	10030
WA_A_VERR_GL_7607	10603	8894	8894	8889	8411	8411
WA_A_VERR_GL_9501	1555	1330	1330	1330	1295	1295
WA_A_VERR_GL_9507	25291	16883	16838	16822	16168	16162
WA_A_VERR_GL_9526	36462	34302	34302	34302	29325	29325
WA_A_VERR_GL_9611	39240	34094	34044	32659	32367	31806
WA_A_VERR_HP_7606	8236	6817	6815	6723	6656	6656
WA_A_VERR_HP_7607	7494	5963	5961	5787	5693	5693
WA_A_VERR_HP_9501	2769	2383	2383	2383	2383	2383
WA_A_VERR_HP_9507	19570	11320	11251	11218	10949	10942
WA_A_VERR_HP_9526	31209	30012	30010	30010	28863	28863
WA_A_VERR_HP_9611	47040	37664	37662	36789	36620	36587
WA_A_VERR_MG_7606	10377	8414	8411	8407	8141	8141
WA_A_VERR_MG_7607	9533	7996	7996	7989	7900	7900
WA_A_VERR_MG_9501	1548	1327	1327	1326	1314	1314
WA_A_VERR_MG_9507	16274	10497	10497	10497	10286	10286
WA_A_VERR_MG_9526	33383	32175	32175	32174	30918	30918
WA_A_VERR_MG_9611	58807	55889	55888	55886	54671	54669
WA_A_VERR_ST_7606	12274	9221	9220	9190	8949	8948
WA_A_VERR_ST_7607	7363	6112	6111	6021	5950	5950
WA_A_VERR_ST_9501	2781	2371	2369	2369	2273	2272
WA_A_VERR_ST_9507	20745	13043	13039	13033	12178	12177
WA_A_VERR_ST_9526	29459	27761	27754	27753	26619	26619
WA_A_VERR_ST_9611	51242	46057	46050	45963	43588	43523
WA_A_WEBS_EG_7612	2781	2021	2020	2019	1864	1864
WA_A_WEBS_EG_7727	9620	7992	7989	7988	7599	7599
WA_A_WEBS_EG_7731	10684	8891	8887	8877	8327	8327
WA_A_WEBS_EG_9610	2176	2018	2017	2017	1949	1949
WA_A_WEBS_GL_7390	35852	29926	29925	29922	28761	28761
WA_A_WEBS_GL_7421	33933	28207	28206	28136	25851	25851
WA_A_WEBS_GL_7422	23540	17547	17544	17534	16785	16785
WA_A_WEBS_GL_7423	34891	27927	27927	27925	24508	24508
WA_A_WEBS_GL_7507	22525	16889	16848	16690	16412	16412
WA_A_WEBS_GL_7611	27665	20716	20713	20678	19657	19656
WA_A_WEBS_GL_7612	3398	2514	2514	2511	2456	2456
WA_A_WEBS_GL_7638	193299	136829	136723	136256	127966	127966
WA_A_WEBS_GL_7726	26757	20361	20358	20276	19355	19355
WA_A_WEBS_GL_7727	9484	7735	7731	7690	7174	7174
WA_A_WEBS_GL_7728	28468	21163	21154	20914	20520	20520
WA_A_WEBS_GL_7729	9510	7987	7985	7961	7710	7710
WA_A_WEBS_GL_7730	19480	15867	15866	15866	14939	14939
WA_A_WEBS_GL_7731	7761	6372	6372	6366	5948	5948
WA_A_WEBS_GL_7732	21095	15878	15876	15875	15253	15253
WA_A_WEBS_GL_9411	14415	12422	12420	12408	11703	11703
WA_A_WEBS_GL_9609	13641	11787	11785	11783	11372	11372
WA_A_WEBS_GL_9610	4192	3431	3430	3407	3385	3385
WA_A_WEBS_HP_7390	32791	22855	22850	22627	22227	22227
WA_A_WEBS_HP_7421	19345	13860	13859	13687	13493	13493
WA_A_WEBS_HP_7422	23619	16920	16919	16725	16613	16613
WA_A_WEBS_HP_7423	30026	22845	22845	22784	21963	21963
WA_A_WEBS_HP_7507	18978	12975	12969	12805	12562	12562
WA_A_WEBS_HP_7611	22083	17149	17148	17124	16835	16835
WA_A_WEBS_HP_7612	3175	2296	2295	2281	2243	2243
WA_A_WEBS_HP_7638	29966	20210	20200	19939	19451	19451
WA_A_WEBS_HP_7726	49584	35184	35183	35075	34531	34531
WA_A_WEBS_HP_7727	1666	1340	1340	1331	1324	1324
WA_A_WEBS_HP_7728	20875	15635	15623	15363	15180	15180
WA_A_WEBS_HP_7729	10230	8619	8617	8601	8534	8534
WA_A_WEBS_HP_7730	15320	11242	11237	11231	10877	10877
WA_A_WEBS_HP_7731	11441	9673	9672	9669	9586	9586
WA_A_WEBS_HP_7732	21430	14735	14729	14624	14231	14231
WA_A_WEBS_HP_9411	1026	814	808	793	788	788
WA_A_WEBS_HP_9609	8835	7356	7356	7327	7251	7251
WA_A_WEBS_HP_9610	7494	5700	5697	5287	5273	5273
WA_A_WEBS_MG_7390	29643	20864	20862	20862	20405	20405
WA_A_WEBS_MG_7421	25075	20771	20771	20768	20639	20639
WA_A_WEBS_MG_7422	13300	7129	7127	6720	6667	6667
WA_A_WEBS_MG_7423	28274	22941	22940	22940	22844	22844
WA_A_WEBS_MG_7507	29579	22199	22194	22073	21589	21589
WA_A_WEBS_MG_7611	25991	20216	20212	20178	19316	19316
WA_A_WEBS_MG_7612	2291	1692	1692	1684	1669	1668
WA_A_WEBS_MG_7638	27545	20765	20764	20744	19998	19998
WA_A_WEBS_MG_7726	52001	37678	37675	37675	37232	37232
WA_A_WEBS_MG_7727	9826	8496	8496	8491	8465	8465
WA_A_WEBS_MG_7728	51854	40342	40341	40290	40144	40144
WA_A_WEBS_MG_7729	7410	6240	6240	6204	6081	6081
WA_A_WEBS_MG_7730	18391	12694	12694	12689	12653	12653
WA_A_WEBS_MG_7731	11996	10281	10280	10278	10190	10190
WA_A_WEBS_MG_7732	20442	15980	15980	15977	15804	15804
WA_A_WEBS_MG_9411	2212	1885	1885	1884	1882	1882
WA_A_WEBS_MG_9609	10783	9220	9219	9217	9193	9193
WA_A_WEBS_MG_9610	51841	49641	49638	49612	47809	47805
WA_A_WEBS_ST_7390	32918	22466	22451	22338	21215	21215
WA_A_WEBS_ST_7421	33567	23559	23555	23430	22626	22626
WA_A_WEBS_ST_7422	36576	23528	23526	23336	22905	22905
WA_A_WEBS_ST_7423	19396	12849	12846	12844	12629	12629
WA_A_WEBS_ST_7507	39502	27669	27665	27536	27073	27073
WA_A_WEBS_ST_7611	23911	18771	18771	18770	18585	18585
WA_A_WEBS_ST_7612	1632	1267	1267	1267	1254	1254
WA_A_WEBS_ST_7638	37016	27989	27981	27892	26540	26535
WA_A_WEBS_ST_7726	32932	22233	22233	22226	22088	22088
WA_A_WEBS_ST_7727	5284	4372	4371	4349	4249	4249
WA_A_WEBS_ST_7728	39513	30426	30425	30013	29657	29657
WA_A_WEBS_ST_7729	8964	7480	7480	7458	7418	7418
WA_A_WEBS_ST_7730	26542	13916	13914	13695	12563	12563
WA_A_WEBS_ST_7731	8708	6870	6870	6861	6726	6725
WA_A_WEBS_ST_7732	18265	13076	13073	13017	12475	12475
WA_A_WEBS_ST_9411	1695	1400	1400	1395	1365	1364
WA_A_WEBS_ST_9609	4782	3945	3944	3931	3753	3753
WA_A_WEBS_ST_9610	60361	54569	54566	54339	53381	53374
WA_E_SAMP_RB_7531	9221	8309	8306	8303	7407	7406
WA_E_SAMP_RB_7533	66924	58465	57548	57548	49702	49701
WA_E_SAMP_RB_7534	12583	11791	11758	11755	10735	10735
WA_E_SAMP_RB_7535	35251	32604	32403	32400	28169	28168
WA_E_SAMP_WT_2670	21663	19856	19778	19778	18100	18100
WA_E_SAMP_WT_2671	22073	20705	20634	20634	19028	19026
WA_E_SAMP_WT_2672	24580	23218	23127	23127	21237	21235
WA_E_SAMP_WT_2673	24929	23672	23645	23644	21502	21500
WA_E_SAMP_WT_2674	16419	15499	15489	15485	14022	14022
WA_E_SAMP_WT_2675	18627	17316	17259	17259	16064	16064
WA_E_SAMP_WT_2676	16305	14672	14633	14632	13466	13465
WA_E_SAMP_WT_2677	72696	69109	69078	69078	64100	64098
WA_E_SAMP_WT_2678	61095	57882	57839	57835	52954	52953
WA_E_SAMP_WT_2679	136320	127730	127591	127590	117994	117989
WA_E_SAMP_WT_2680	71843	65500	65423	65422	60651	60643
WA_E_SAMP_WT_2681	97031	89506	89271	89271	82259	82228
WA_E_SAMP_WT_3023	51885	48999	48981	48979	44538	44535
WA_E_SAMP_WT_3031	51290	48158	48129	48126	44356	44355
WA_E_SAMP_WT_3039	45944	41969	41925	41924	38948	38945
WA_E_SAMP_WT_3047	42861	39789	39712	39712	36795	36794
WA_E_SAMP_WT_3051	48821	44563	44506	44505	40783	40782
WA_E_SAMP_WT_3063	57485	53514	53386	53386	49322	49320
WA_E_SAMP_WT_3071	60859	57043	56981	56981	52945	52941
WA_E_SAMP_WT_3075	44599	41902	41883	41880	37967	37964