samples	represented_reads	min_substantive_abundance_reason	maximum_variation_allowed_reason
EP_A_AREN_EG_8654	13521	3053	848
EP_A_AREN_EG_8698	9146	2759	552
EP_A_AREN_GL_8465	6234	1274	358
EP_A_AREN_GL_8507	17211	5086	1382
EP_A_AREN_GL_8508	6250	1879	352
EP_A_AREN_GL_8515	5262	1076	275
EP_A_AREN_GL_8520	6179	2326	408
EP_A_AREN_GL_8624	13069	1996	614
EP_A_AREN_GL_8625	20928	7867	1401
EP_A_AREN_GL_8626	11136	1021	331
EP_A_AREN_GL_8627	6367	798	189
EP_A_AREN_GL_8650	12426	3599	481
EP_A_AREN_GL_8651	11159	1122	397
EP_A_AREN_GL_8652	12166	1798	385
EP_A_AREN_GL_8654	186556	27725	7099
EP_A_AREN_GL_8658	6723	1582	382
EP_A_AREN_GL_8697	17867	1996	590
EP_A_AREN_GL_8698	12628	855	250
EP_A_AREN_GL_8699	11870	3888	544
EP_A_AREN_HP_8465	9662	1172	225
EP_A_AREN_HP_8507	13646	7362	1999
EP_A_AREN_HP_8508	3781	3883	593
EP_A_AREN_HP_8515	13220	2216	598
EP_A_AREN_HP_8520	8413	983	249
EP_A_AREN_HP_8624	9869	1945	658
EP_A_AREN_HP_8626	20127	2206	578
EP_A_AREN_HP_8627	7605	1042	299
EP_A_AREN_HP_8650	18029	1175	429
EP_A_AREN_HP_8651	6342	2209	739
EP_A_AREN_HP_8652	9360	1283	209
EP_A_AREN_HP_8654	12893	863	229
EP_A_AREN_HP_8658	4932	1551	433
EP_A_AREN_HP_8697	15891	819	203
EP_A_AREN_HP_8698	134010	35403	6271
EP_A_AREN_HP_8699	11345	4872	1177
EP_A_AREN_HP_9195	28952	9724	916
EP_A_AREN_MG_8465	3921	1659	432
EP_A_AREN_MG_8507	12940	9002	3326
EP_A_AREN_MG_8508	6536	4122	1547
EP_A_AREN_MG_8515	7400	1786	507
EP_A_AREN_MG_8520	8772	2549	1598
EP_A_AREN_MG_8624	5460	3649	1213
EP_A_AREN_MG_8627	5671	782	243
EP_A_AREN_MG_8650	6736	2452	1329
EP_A_AREN_MG_8651	9909	878	276
EP_A_AREN_MG_8652	8624	3253	1040
EP_A_AREN_MG_8654	6591	862	235
EP_A_AREN_MG_8699	7884	4323	1176
EP_A_AREN_ST_8465	5471	974	230
EP_A_AREN_ST_8507	12457	11327	2885
EP_A_AREN_ST_8508	7100	2176	617
EP_A_AREN_ST_8515	6193	2776	535
EP_A_AREN_ST_8520	13145	730	70
EP_A_AREN_ST_8624	14055	1554	356
EP_A_AREN_ST_8627	2047	1216	196
EP_A_AREN_ST_8650	13672	12302	927
EP_A_AREN_ST_8652	13921	1971	285
EP_A_AREN_ST_8654	11972	2884	779
EP_A_AREN_ST_8697	12200	1984	547
EP_A_AREN_ST_8699	8535	733	123
EP_A_FASC_EG_8989	15314	2761	613
EP_A_FASC_EG_9019	12915	3373	753
EP_A_FASC_EG_9053	8027	1901	685
EP_A_FASC_GL_8614	33054	18855	6337
EP_A_FASC_GL_9016	4258	943	323
EP_A_FASC_GL_9019	12510	2669	568
EP_A_FASC_GL_9020	14122	2329	469
EP_A_FASC_GL_9051	7588	2366	472
EP_A_FASC_HP_9020	23332	2109	212
EP_A_FASC_HP_9056	27496	4558	849
EP_A_FASC_HP_9107	115211	23646	4374
EP_A_FASC_MG_9051	150060	37073	6290
EP_A_FASC_MG_9056	27318	2956	213
EP_A_FASC_ST_8614	39399	6311	915
EP_A_FASC_ST_8989	14618	4192	763
EP_A_FASC_ST_9052	2191	213	101
EP_A_GALA_EG_9164	11127	8346	2993
EP_A_GALA_GL_7367	10440	4001	1884
EP_A_GALA_GL_8978	9712	6367	1317
EP_A_GALA_GL_9003	33609	8765	2967
EP_A_GALA_GL_9079	9156	4840	694
EP_A_GALA_HP_9003	13727	15743	5331
EP_A_GALA_MG_8970	43458	4328	758
EP_A_GALA_MG_9164	9296	1849	542
EP_A_GALA_MG_9186	10617	3469	1522
EP_A_GALA_ST_8971	18600	3501	1162
EP_A_GALA_ST_9164	13789	1069	191
EP_A_GALA_ST_9186	13832	2519	767
EP_A_HEBE_GL_7359	20699	4692	1585
EP_A_HEBE_HP_8986	7126	12900	2942
EP_A_HEBE_MG_8984	25982	477	131
EP_A_HYEY_EG_8955	3735	518	107
EP_A_HYEY_EG_8957	12422	2702	621
EP_A_HYEY_EG_8959	5747	3375	1085
EP_A_HYEY_EG_8962	11914	3049	526
EP_A_HYEY_EG_9013	8735	3373	441
EP_A_HYEY_EG_9045	19113	3496	515
EP_A_HYEY_EG_9199	12970	6916	2223
EP_A_HYEY_GL_8881	43805	7151	2055
EP_A_HYEY_GL_8955	8214	460	197
EP_A_HYEY_GL_8956	12953	2023	575
EP_A_HYEY_GL_8957	12992	7274	840
EP_A_HYEY_GL_8958	13284	2663	575
EP_A_HYEY_GL_8959	9663	2124	841
EP_A_HYEY_GL_8960	4892	9158	1415
EP_A_HYEY_GL_8961	2862	4487	1093
EP_A_HYEY_GL_8962	9598	1238	343
EP_A_HYEY_GL_8963	20567	3224	593
EP_A_HYEY_GL_8964	18415	8010	1118
EP_A_HYEY_GL_9009	11656	2462	810
EP_A_HYEY_GL_9011	17935	4353	952
EP_A_HYEY_GL_9013	15589	2632	507
EP_A_HYEY_GL_9045	24859	1422	812
EP_A_HYEY_GL_9046	16010	4507	1121
EP_A_HYEY_GL_9047	29185	2305	639
EP_A_HYEY_GL_9198	29028	6888	1462
EP_A_HYEY_GL_9199	4803	3548	1154
EP_A_HYEY_HP_8955	6099	651	195
EP_A_HYEY_HP_8956	17518	1686	972
EP_A_HYEY_HP_8957	11296	704	154
EP_A_HYEY_HP_8958	12675	599	527
EP_A_HYEY_HP_8959	11653	874	454
EP_A_HYEY_HP_8962	5058	833	304
EP_A_HYEY_HP_8963	22477	1361	175
EP_A_HYEY_HP_8964	19965	1348	387
EP_A_HYEY_HP_9009	7149	5204	1781
EP_A_HYEY_HP_9011	9256	4940	1286
EP_A_HYEY_HP_9013	17054	4256	1195
EP_A_HYEY_HP_9045	21234	946	105
EP_A_HYEY_HP_9046	14779	7333	1642
EP_A_HYEY_HP_9047	39448	2012	669
EP_A_HYEY_HP_9198	14608	6494	1825
EP_A_HYEY_MG_8955	2724	192	72
EP_A_HYEY_MG_8957	9191	1733	1531
EP_A_HYEY_MG_8963	21639	6213	1746
EP_A_HYEY_MG_8964	16989	4614	722
EP_A_HYEY_MG_9009	17616	2047	346
EP_A_HYEY_MG_9011	18525	1169	237
EP_A_HYEY_MG_9013	21096	2203	109
EP_A_HYEY_MG_9046	11863	4579	107
EP_A_HYEY_MG_9047	21857	5976	380
EP_A_HYEY_ST_8881	17402	9736	1657
EP_A_HYEY_ST_8955	2226	1271	212
EP_A_HYEY_ST_8956	10880	2781	559
EP_A_HYEY_ST_8957	11295	1149	241
EP_A_HYEY_ST_8958	17232	3273	1085
EP_A_HYEY_ST_8962	4227	1746	417
EP_A_HYEY_ST_8963	14575	7011	2042
EP_A_HYEY_ST_8964	22871	4991	1373
EP_A_HYEY_ST_9009	9089	8577	2124
EP_A_HYEY_ST_9011	15951	14030	2231
EP_A_HYEY_ST_9013	9859	2886	5502
EP_A_HYEY_ST_9045	28876	5222	1029
EP_A_HYEY_ST_9046	9599	5001	1508
EP_A_HYEY_ST_9047	19486	2330	349
EP_A_HYEY_ST_9198	17258	9689	3710
EP_A_JAVI_EG_8943	22066	4170	2122
EP_A_JAVI_GL_7264	24527	1040	497
EP_A_JAVI_GL_8357	7511	2064	573
EP_A_JAVI_GL_8981	3096	1739	362
EP_A_JAVI_HP_7281	7713	3344	1007
EP_A_JAVI_HP_8357	6361	2530	669
EP_A_JAVI_HP_8377	12435	832	227
EP_A_JAVI_HP_8379	5765	7251	1472
EP_A_JAVI_MG_7264	41014	4357	585
EP_A_JAVI_MG_8376	150251	27933	9211
EP_A_JAVI_ST_7270	27469	18935	2244
EP_A_JAVI_ST_7381	23684	9357	1949
EP_A_JAVI_ST_8357	171781	59457	13504
EP_A_PANA_GL_8951	19701	1543	436
EP_A_PANA_GL_9332	17732	2698	385
EP_A_PANA_MG_8952	19012	1288	481
EP_A_PANA_ST_9131	2989	629	133
EP_A_ROST_GL_9114	9821	2849	843
EP_A_ROST_MG_9114	12672	1503	508
EP_A_ROST_ST_9123	23804	5632	1163
EP_A_SAXI_EG_8673	20967	5127	364
EP_A_SAXI_EG_8686	11604	6186	571
EP_A_SAXI_EG_9233	20197	1863	380
EP_A_SAXI_EG_9241	24157	3180	783
EP_A_SAXI_EG_9243	27783	5466	736
EP_A_SAXI_EG_9245	11609	793	252
EP_A_SAXI_EG_9248	5757	580	223
EP_A_SAXI_EG_9249	18578	20813	3827
EP_A_SAXI_EG_9253	21547	3541	615
EP_A_SAXI_EG_9255	15766	3377	9122
EP_A_SAXI_GL_8497	27205	4784	638
EP_A_SAXI_GL_8612	12296	7677	3698
EP_A_SAXI_GL_8673	32347	2091	769
EP_A_SAXI_GL_8678	9045	2206	360
EP_A_SAXI_GL_8686	20330	2201	442
EP_A_SAXI_GL_9233	30290	4696	1189
EP_A_SAXI_GL_9239	4180	408	153
EP_A_SAXI_GL_9241	19530	697	414
EP_A_SAXI_GL_9243	17153	725	276
EP_A_SAXI_GL_9245	19250	381	390
EP_A_SAXI_GL_9247	25310	9486	1770
EP_A_SAXI_GL_9248	7519	940	305
EP_A_SAXI_GL_9249	18766	1624	445
EP_A_SAXI_GL_9250	24278	1304	442
EP_A_SAXI_GL_9253	26020	5053	891
EP_A_SAXI_GL_9255	19615	5641	1181
EP_A_SAXI_GL_9257	20165	5147	1537
EP_A_SAXI_GL_9259	11742	12812	3809
EP_A_SAXI_GL_9261	21537	3100	1283
EP_A_SAXI_GL_9263	2888	241	101
EP_A_SAXI_HP_8673	39417	1230	338
EP_A_SAXI_HP_8678	44097	905	42
EP_A_SAXI_HP_9233	8217	422	45
EP_A_SAXI_HP_9239	2490	784	344
EP_A_SAXI_HP_9241	15221	6648	3650
EP_A_SAXI_HP_9243	3818	971	395
EP_A_SAXI_HP_9245	16198	658	346
EP_A_SAXI_HP_9247	5476	3337	408
EP_A_SAXI_HP_9248	5103	1013	206
EP_A_SAXI_HP_9250	3506	1077	422
EP_A_SAXI_HP_9253	4807	2800	509
EP_A_SAXI_HP_9255	9536	4276	592
EP_A_SAXI_HP_9261	8951	608	652
EP_A_SAXI_MG_8497	31739	673	112
EP_A_SAXI_MG_9233	27291	7345	1544
EP_A_SAXI_MG_9239	1641	3131	401
EP_A_SAXI_MG_9241	19131	10016	1496
EP_A_SAXI_MG_9243	13321	7023	1631
EP_A_SAXI_MG_9245	8312	6482	1062
EP_A_SAXI_MG_9247	19176	15299	3810
EP_A_SAXI_MG_9249	13360	4677	1267
EP_A_SAXI_MG_9253	18343	7832	1291
EP_A_SAXI_MG_9257	11310	8829	2328
EP_A_UMBO_GL_8691	6006	2475	533
EP_A_UMBO_GL_9127	27381	24695	8864
EP_A_UMBO_HP_8691	6965	1747	475
EP_A_UMBO_MG_8691	167278	23642	5112
EP_A_UMBO_ST_8693	26074	2167	818
EP_A_UTRI_EG_9268	16054	11459	2940
EP_A_UTRI_GL_8483	7406	3408	665
EP_A_UTRI_GL_9067	19756	9497	2561
EP_A_UTRI_GL_9071	2740	4554	1103
EP_A_UTRI_GL_9188	11994	3957	812
EP_A_UTRI_GL_9267	11243	5787	1587
EP_A_UTRI_GL_9268	16697	8478	1563
EP_A_UTRI_GL_9269	2614	2139	457
EP_A_UTRI_GL_9271	4103	2563	589
EP_A_UTRI_GL_9272	11175	11013	2656
EP_A_UTRI_HP_9188	8668	7818	1092
EP_A_UTRI_HP_9267	14203	12103	3479
EP_A_UTRI_HP_9268	18751	15591	3327
EP_A_UTRI_HP_9270	10646	1785	429
EP_A_UTRI_MG_9135	2839	3729	935
EP_A_UTRI_MG_9187	1903	3529	924
EP_A_UTRI_MG_9188	10903	4233	1022
EP_A_UTRI_MG_9267	7632	10064	2535
EP_A_UTRI_MG_9268	22575	3214	1182
EP_A_UTRI_ST_8483	126344	39462	9486
EP_A_UTRI_ST_9188	10831	1993	435
EP_A_UTRI_ST_9267	2167	4071	966
EP_UNKN_EG_8158	27743	15903	5516
EP_UNKN_GL_8158	23851	5664	1276
EP_UNKN_HP_8158	46611	2597	804
EP_UNKN_MG_8158	29390	5663	2632
EP_UNKN_ST_8158	30092	5306	859
WA_A_BAHA_GL_7472	25672	5277	842
WA_A_BAHA_GL_7474	594	199	36
WA_A_BAHA_GL_7475	7269	785	431
WA_A_BAHA_GL_7476	13424	3084	966
WA_A_BAHA_GL_7477	19338	4381	1355
WA_A_BAHA_GL_7478	16976	6240	2202
WA_A_BAHA_GL_7501	6041	5496	1442
WA_A_BAHA_GL_7513	10917	3729	1043
WA_A_BAHA_GL_7514	11193	1625	681
WA_A_BAHA_GL_7515	8738	4256	1041
WA_A_BAHA_GL_7516	64493	13950	2819
WA_A_BAHA_GL_7652	7591	1403	1135
WA_A_BAHA_GL_7656	7183	2176	578
WA_A_BAHA_HP_7470	14462	2538	1196
WA_A_BAHA_HP_7472	8246	6518	1507
WA_A_BAHA_HP_7475	7202	7796	2108
WA_A_BAHA_HP_7476	10005	4356	1958
WA_A_BAHA_HP_7501	13491	2129	500
WA_A_BAHA_HP_7514	3407	1223	853
WA_A_BAHA_HP_7516	12522	10353	2392
WA_A_BAHA_MG_7471	3806	2008	568
WA_A_BAHA_MG_7475	37553	4091	781
WA_A_BAHA_ST_7472	19477	1822	221
WA_A_BAHA_ST_7475	16524	22265	5827
WA_A_BAHA_ST_7478	1157	1338	256
WA_A_BAHA_ST_7514	10820	3138	1924
WA_A_BAHA_ST_7516	21987	13779	3989
WA_A_BOUV_GL_7508	21059	6476	1485
WA_A_BOUV_GL_7581	5624	1129	619
WA_A_BOUV_GL_7582	30407	4492	2126
WA_A_BOUV_GL_7583	10585	4475	1607
WA_A_BOUV_GL_7584	12720	6287	1426
WA_A_BOUV_GL_7585	2036	866	522
WA_A_BOUV_GL_7588	2027	406	132
WA_A_BOUV_GL_7639	8860	1294	298
WA_A_BOUV_GL_7640	11117	805	399
WA_A_BOUV_GL_7642	13007	1411	518
WA_A_BOUV_GL_7643	5614	472	296
WA_A_BOUV_GL_7644	7836	2477	817
WA_A_BOUV_GL_7645	13907	1549	510
WA_A_BOUV_GL_7646	13101	2720	716
WA_A_BOUV_GL_7647	11698	1736	881
WA_A_BOUV_HP_7581	5293	1625	1272
WA_A_BOUV_HP_7582	9135	7624	3300
WA_A_BOUV_HP_7585	8433	3198	1160
WA_A_BOUV_HP_7586	15471	872	236
WA_A_BOUV_HP_7639	8497	3125	115
WA_A_BOUV_HP_7642	13547	2149	55
WA_A_BOUV_HP_7643	7652	1895	967
WA_A_BOUV_HP_7645	11133	3425	61
WA_A_BOUV_HP_7647	12667	2147	276
WA_A_BOUV_MG_7586	16509	665	312
WA_A_BOUV_MG_7643	6557	123	230
WA_A_BOUV_ST_7509	7523	5634	1251
WA_A_BOUV_ST_7581	10270	2533	1583
WA_A_BOUV_ST_7583	16137	8076	1576
WA_A_BOUV_ST_7642	5971	7878	865
WA_A_BOUV_ST_7643	11274	4777	1542
WA_A_BOUV_ST_7646	4184	4984	2289
WA_A_BOUV_ST_7647	8840	5272	1354
WA_A_CRIS_EG_7625	17723	1851	689
WA_A_CRIS_GL_7537	12776	2871	135
WA_A_CRIS_GL_7624	28691	6897	579
WA_A_CRIS_GL_7625	18040	9400	154
WA_A_CRIS_GL_9463	11923	4419	107
WA_A_CRIS_GL_9473	27766	1346	93
WA_A_CRIS_HP_7537	4528	1283	280
WA_A_CRIS_HP_9467	5473	5994	1799
WA_A_CRIS_MG_7636	23320	4593	1749
WA_A_CRIS_MG_9621	6291	8475	2142
WA_A_CRIS_ST_7537	5673	11138	2359
WA_A_FLOR_GL_7680	13750	4056	1164
WA_A_FLOR_GL_7693	20323	3793	804
WA_A_FLOR_GL_7695	17196	3008	665
WA_A_FLOR_GL_7696	12405	2328	695
WA_A_FLOR_GL_7697	11505	6133	2546
WA_A_FLOR_GL_9648	15871	9127	1846
WA_A_FLOR_GL_9650	8039	7162	2139
WA_A_FLOR_GL_9651	4511	4919	1337
WA_A_FLOR_GL_9652	47686	6323	1966
WA_A_FLOR_GL_9654	1176	3013	1092
WA_A_FLOR_GL_9655	21175	18714	3161
WA_A_FLOR_GL_9662	3964	4472	1552
WA_A_FLOR_GL_9663	4795	6179	1136
WA_A_FLOR_GL_9664	48094	3965	1881
WA_A_FLOR_HP_7680	8914	8068	2099
WA_A_FLOR_HP_7695	16426	8828	1402
WA_A_FLOR_HP_7696	3034	4436	991
WA_A_FLOR_HP_9648	6566	14401	3110
WA_A_FLOR_HP_9659	427	1771	532
WA_A_FLOR_HP_9664	43889	3693	2655
WA_A_FLOR_MG_7693	13373	10460	1169
WA_A_FLOR_MG_7695	28962	3090	198
WA_A_FLOR_ST_7680	10004	7681	2099
WA_A_FLOR_ST_7695	13287	5823	982
WA_A_FLOR_ST_7696	8737	3271	439
WA_A_FLOR_ST_9658	14178	10453	3029
WA_A_FLOR_ST_9664	19469	24118	8501
WA_A_FORM_GL_7402	23854	3555	676
WA_A_FORM_GL_7403	10301	2664	359
WA_A_FORM_GL_7455	35958	3538	523
WA_A_FORM_GL_7456	9083	1764	438
WA_A_FORM_GL_7457	1544	326	44
WA_A_FORM_GL_7458	5964	3128	652
WA_A_FORM_GL_7550	10888	4652	332
WA_A_FORM_GL_7551	3269	482	139
WA_A_FORM_GL_7657	6937	4160	765
WA_A_FORM_GL_7658	8542	2848	634
WA_A_FORM_GL_7712	14381	2988	419
WA_A_FORM_GL_7713	6200	1532	290
WA_A_FORM_GL_7748	12732	2067	952
WA_A_FORM_GL_7753	26004	6340	1714
WA_A_FORM_GL_9400	13940	1624	624
WA_A_FORM_HP_7403	13234	484	172
WA_A_FORM_HP_7456	3597	879	226
WA_A_FORM_MG_7403	4687	2523	793
WA_A_FORM_MG_7551	24720	3505	419
WA_A_FORM_MG_7658	8624	4539	222
WA_A_FORM_ST_7403	8856	271	81
WA_A_FORM_ST_7713	2738	2585	558
WA_A_FORM_ST_9400	5495	437	16
WA_A_NUTT_EG_7525	3869	1515	390
WA_A_NUTT_EG_7526	14311	3370	1313
WA_A_NUTT_EG_7529	13509	7519	1547
WA_A_NUTT_GL_7389	29447	1349	601
WA_A_NUTT_GL_7426	19440	1054	907
WA_A_NUTT_GL_7428	26908	2080	838
WA_A_NUTT_GL_7429	34035	2579	1299
WA_A_NUTT_GL_7430	1651	512	217
WA_A_NUTT_GL_7431	13029	813	360
WA_A_NUTT_GL_7491	10403	3139	610
WA_A_NUTT_GL_7492	22664	6194	2208
WA_A_NUTT_GL_7525	4845	657	187
WA_A_NUTT_GL_7526	14999	6591	1781
WA_A_NUTT_GL_7527	12218	2020	584
WA_A_NUTT_GL_7528	52514	28682	4752
WA_A_NUTT_GL_7529	14700	4457	2642
WA_A_NUTT_GL_9405	718	452	120
WA_A_NUTT_GL_9406	1967	1669	556
WA_A_NUTT_GL_9408	1688	286	138
WA_A_NUTT_GL_9409	21909	3629	1066
WA_A_NUTT_GL_9410	5458	1185	236
WA_A_NUTT_GL_9459	13841	7362	2451
WA_A_NUTT_GL_9460	18595	4625	1162
WA_A_NUTT_HP_7389	9887	6183	1647
WA_A_NUTT_HP_7426	7472	4537	1649
WA_A_NUTT_HP_7428	6399	459	142
WA_A_NUTT_HP_7429	46185	4478	784
WA_A_NUTT_HP_7431	3846	2584	874
WA_A_NUTT_HP_7491	5589	715	287
WA_A_NUTT_HP_7492	9586	569	877
WA_A_NUTT_HP_7525	4937	187	32
WA_A_NUTT_HP_7526	13823	795	1579
WA_A_NUTT_HP_7527	16446	1026	230
WA_A_NUTT_HP_7528	29403	6218	2435
WA_A_NUTT_HP_7529	18463	674	298
WA_A_NUTT_HP_9409	12001	1367	360
WA_A_NUTT_HP_9460	20082	9706	2282
WA_A_NUTT_MG_7426	12139	2042	977
WA_A_NUTT_MG_7428	30101	468	228
WA_A_NUTT_MG_7431	14689	1323	99
WA_A_NUTT_MG_7527	12668	1197	331
WA_A_NUTT_MG_7528	14562	791	1010
WA_A_NUTT_MG_9410	8329	666	310
WA_A_NUTT_MG_9459	31289	1010	288
WA_A_NUTT_MG_9460	25232	11760	1338
WA_A_NUTT_ST_7389	1201	1064	409
WA_A_NUTT_ST_7426	12325	4675	2049
WA_A_NUTT_ST_7428	12749	5331	1975
WA_A_NUTT_ST_7429	29107	6580	1324
WA_A_NUTT_ST_7430	819	762	288
WA_A_NUTT_ST_7431	15104	6143	1378
WA_A_NUTT_ST_7491	6492	2915	671
WA_A_NUTT_ST_7492	13306	4059	1179
WA_A_NUTT_ST_7525	2031	2701	386
WA_A_NUTT_ST_7526	10693	3161	1244
WA_A_NUTT_ST_7527	15076	2928	577
WA_A_NUTT_ST_7528	10329	8792	2520
WA_A_NUTT_ST_7529	12995	3405	893
WA_A_NUTT_ST_9409	4258	2126	470
WA_A_NUTT_ST_9460	22700	13124	2809
WA_A_PARA_EG_9364	17576	11676	3062
WA_A_PARA_EG_9486	34142	14273	3242
WA_A_PARA_GL_7405	2349	129	86
WA_A_PARA_GL_7453	33418	9075	3369
WA_A_PARA_GL_7459	10104	4395	1025
WA_A_PARA_GL_7460	3097	91	70
WA_A_PARA_GL_7462	14006	1397	601
WA_A_PARA_GL_7464	24804	2611	808
WA_A_PARA_GL_7467	15374	1730	767
WA_A_PARA_GL_7706	6334	1855	756
WA_A_PARA_GL_7708	5237	1062	182
WA_A_PARA_GL_9364	13075	1521	299
WA_A_PARA_GL_9399	6422	1226	298
WA_A_PARA_GL_9474	211	91	25
WA_A_PARA_GL_9476	20310	825	528
WA_A_PARA_GL_9477	32636	5332	2038
WA_A_PARA_GL_9478	27567	10963	2143
WA_A_PARA_GL_9480	1702	235	44
WA_A_PARA_GL_9483	3189	1349	580
WA_A_PARA_GL_9486	27777	3404	1350
WA_A_PARA_HP_7405	2535	1075	377
WA_A_PARA_HP_7453	14205	6516	2885
WA_A_PARA_HP_7460	10738	1507	334
WA_A_PARA_HP_7462	8775	2366	1207
WA_A_PARA_HP_7464	11918	3825	1992
WA_A_PARA_HP_7467	4940	2479	571
WA_A_PARA_HP_9364	598	371	340
WA_A_PARA_HP_9476	26383	2150	541
WA_A_PARA_HP_9477	2179	1464	176
WA_A_PARA_HP_9480	1162	562	120
WA_A_PARA_MG_7405	11054	143	103
WA_A_PARA_MG_7453	21595	1509	507
WA_A_PARA_MG_7460	3137	348	90
WA_A_PARA_MG_7462	24252	2034	1233
WA_A_PARA_MG_7464	19120	3448	1030
WA_A_PARA_MG_7467	15046	278	256
WA_A_PARA_MG_9476	37771	3737	795
WA_A_PARA_MG_9477	2890	221	85
WA_A_PARA_MG_9480	2082	392	131
WA_A_PARA_ST_7405	2629	1158	260
WA_A_PARA_ST_7453	3737	883	322
WA_A_PARA_ST_7460	920	850	260
WA_A_PARA_ST_7462	10735	5291	807
WA_A_PARA_ST_7464	8578	10137	1951
WA_A_PARA_ST_9474	25553	7501	1873
WA_A_PARA_ST_9476	19098	9304	2261
WA_A_PARA_ST_9477	129	148	33
WA_A_PARA_ST_9480	9151	3257	348
WA_A_PARA_ST_9486	40359	6196	1084
WA_A_PCNS_EG_7506	21181	3778	1053
WA_A_PCNS_GL_7399	2424	1342	499
WA_A_PCNS_GL_7446	19627	2449	1072
WA_A_PCNS_GL_7506	20940	1097	1886
WA_A_PCNS_GL_7554	1468	936	202
WA_A_PCNS_GL_9443	8317	2699	1040
WA_A_PCNS_HP_7637	12506	2144	275
WA_A_PCNS_ST_7506	12537	2901	783
WA_A_PCNS_ST_7601	19717	8884	1533
WA_A_PCNS_ST_7637	13191	2229	670
WA_A_PCWS_EG_7444	10767	3131	1008
WA_A_PCWS_GL_7439	17126	4873	1186
WA_A_PCWS_GL_7440	3440	1065	134
WA_A_PCWS_GL_7443	32017	4470	1393
WA_A_PCWS_HP_7439	8712	3304	953
WA_A_PCWS_HP_7444	16603	801	192
WA_A_PCWS_HP_7559	27671	2264	202
WA_A_PCWS_MG_7400	30291	4439	337
WA_A_PCWS_MG_7439	16989	4243	120
WA_A_PCWS_MG_7441	17206	2355	46
WA_A_PCWS_MG_7443	21130	5404	75
WA_A_PCWS_MG_7444	17513	4594	74
WA_A_PLAT_GL_9369	9471	635	282
WA_A_PLAT_HP_9369	1694	7320	969
WA_A_PLAT_ST_9369	1206	3206	677
WA_A_THOM_EG_9420	12757	2256	219
WA_A_THOM_GL_7391	19712	1588	370
WA_A_THOM_GL_7392	7066	924	256
WA_A_THOM_GL_7393	22034	4510	582
WA_A_THOM_GL_7419	2132	502	247
WA_A_THOM_GL_7503	29256	8506	2281
WA_A_THOM_HP_7392	941	267	111
WA_A_THOM_HP_7417	47575	3881	1451
WA_A_THOM_HP_7419	9490	1768	619
WA_A_THOM_HP_7480	7801	1956	509
WA_A_THOM_HP_7540	4454	283	103
WA_A_THOM_HP_7541	4431	2870	1291
WA_A_THOM_HP_9420	17764	2391	915
WA_A_THOM_MG_7417	57759	9113	1006
WA_A_THOM_MG_7503	23667	1254	219
WA_A_THOM_MG_7544	14188	1632	429
WA_A_THOM_ST_7417	48847	30736	6452
WA_A_THOM_ST_7419	4108	903	195
WA_A_THOM_ST_7503	13717	19167	4488
WA_A_VERR_EG_7606	6373	2427	378
WA_A_VERR_GL_7606	7799	1547	738
WA_A_VERR_GL_7607	5659	1551	1196
WA_A_VERR_GL_9501	1087	172	36
WA_A_VERR_GL_9507	10519	4086	1542
WA_A_VERR_GL_9526	24961	4420	874
WA_A_VERR_HP_9501	2225	145	12
WA_A_VERR_HP_9526	24510	4240	158
WA_A_VERR_ST_7606	6103	2052	825
WA_A_VERR_ST_9501	1611	584	94
WA_A_VERR_ST_9526	19764	5351	1516
WA_A_WEBS_GL_7390	26861	1312	707
WA_A_WEBS_GL_7421	22885	2298	1021
WA_A_WEBS_GL_7422	12900	3405	505
WA_A_WEBS_GL_7423	22304	1752	929
WA_A_WEBS_GL_7507	11837	3862	775
WA_A_WEBS_GL_7611	15182	3590	885
WA_A_WEBS_GL_7612	2213	174	70
WA_A_WEBS_GL_7726	15297	2580	1495
WA_A_WEBS_GL_7727	5215	1447	556
WA_A_WEBS_GL_7729	6556	841	333
WA_A_WEBS_GL_7730	13978	624	440
WA_A_WEBS_GL_7731	4203	1560	252
WA_A_WEBS_GL_7732	13971	987	340
WA_A_WEBS_GL_9411	10172	1196	404
WA_A_WEBS_HP_7390	14041	6035	1901
WA_A_WEBS_HP_7421	10561	2013	895
WA_A_WEBS_HP_7422	8969	6847	719
WA_A_WEBS_HP_7423	17891	3657	478
WA_A_WEBS_HP_7507	9930	1845	888
WA_A_WEBS_HP_7612	1878	249	116
WA_A_WEBS_HP_7726	31264	2463	783
WA_A_WEBS_HP_7730	8147	2316	430
WA_A_WEBS_HP_7732	10468	2546	1225
WA_A_WEBS_HP_9411	492	173	115
WA_A_WEBS_MG_7390	19783	531	309
WA_A_WEBS_MG_7421	18801	1639	197
WA_A_WEBS_MG_7422	4159	1617	828
WA_A_WEBS_MG_7612	860	678	123
WA_A_WEBS_MG_7638	16702	2538	761
WA_A_WEBS_MG_7730	10484	2114	63
WA_A_WEBS_MG_7732	14159	1430	214
WA_A_WEBS_MG_9610	35138	10789	1911
WA_A_WEBS_ST_7390	9074	10650	1667
WA_A_WEBS_ST_7421	9023	10768	2868
WA_A_WEBS_ST_7422	7194	12893	2848
WA_A_WEBS_ST_7423	9594	2271	778
WA_A_WEBS_ST_7729	6713	653	58
WA_A_WEBS_ST_7730	6630	5010	1015
WA_A_WEBS_ST_7732	8239	3285	965
EP_A_SAXI_EG_8612	17632	5731	1949
EP_A_JAVI_ST_7264	22983	16360	2324
WA_A_BOUV_HP_7588	3982	248	85
WA_A_PCWS_HP_7443	25428	2700	436
WA_A_THOM_GL_7544	6498	5850	2041
EP_A_HYEY_MG_9045	10811	2104	239
WA_A_CRIS_MG_7500	40224	57610	20079
WA_A_BAHA_MG_7514	5631	578	161
WA_A_BOUV_MG_7587	14888	194	96
WA_A_FORM_ST_7753	8668	512	163
EP_A_AREN_MG_8697	9890	1948	453
WA_A_PARA_ST_7467	6462	7650	2088
WA_A_BOUV_MG_7511	9232	170	97
EP_A_SAXI_HP_9263	1262	515	206
WA_A_BAHA_HP_7471	19914	22732	7015
WA_A_VERR_EG_9501	919	396	89
EP_A_SAXI_HP_9259	6507	6461	2073
WA_A_FORM_ST_7751	6174	2436	388
EP_A_PANA_HP_9332	20472	1380	169
EP_A_PANA_HP_9022	3976	107	22
WA_A_FORM_ST_7609	10103	499	81
WA_A_PCNS_GL_7715	8906	707	2169
WA_A_FORM_GL_7675	7441	1280	187
EP_A_GALA_GL_9164	13465	4786	1524
EP_A_UTRI_HP_9134	4101	4214	1011
EP_A_FASC_GL_9052	2137	1397	357
WA_A_THOM_GL_9389	26249	7876	1067
WA_A_BAHA_MG_7476	6227	1106	920
EP_A_HYEY_ST_8959	5665	407	104
EP_A_SAXI_MG_8673	19477	1753	607
WA_A_BOUV_MG_7639	8708	278	154
EP_A_GALA_MG_8978	31422	4763	1264
EP_A_HYEY_ST_9199	18256	8558	2985
EP_A_AREN_ST_8658	12868	689	143
EP_A_AREN_EG_8651	9067	4664	1209
EP_A_AREN_GL_9195	21179	5007	1530
EP_A_AREN_GL_9196	3641	870	349
EP_A_AREN_HP_8625	33363	2629	200
EP_A_AREN_MG_8625	23397	1722	266
EP_A_AREN_MG_8626	9993	1070	295
EP_A_AREN_MG_8698	4784	1078	160
EP_A_AREN_MG_9195	12482	3026	801
EP_A_AREN_MG_9196	4017	942	278
EP_A_AREN_ST_8625	16538	944	117
EP_A_AREN_ST_8626	6137	4097	820
EP_A_AREN_ST_8651	3981	147	34
EP_A_AREN_ST_8698	7542	2686	740
EP_A_AREN_ST_9195	33620	10992	2712
EP_A_AREN_ST_9196	3127	2528	722
EP_A_FASC_EG_8620	15820	4964	829
EP_A_FASC_EG_8991	3427	3339	266
EP_A_FASC_EG_8993	11608	11147	2364
EP_A_FASC_EG_9014	3860	2034	342
EP_A_FASC_EG_9051	11841	3038	468
EP_A_FASC_EG_9052	1761	1120	147
EP_A_FASC_EG_9056	33157	6410	794
EP_A_FASC_EG_9057	8872	6204	1056
EP_A_FASC_EG_9104	7587	2049	163
EP_A_FASC_GL_8618	24571	6552	3457
EP_A_FASC_GL_8620	26089	5323	1446
EP_A_FASC_GL_8989	15081	4899	1426
EP_A_FASC_GL_8990	3928	2962	778
EP_A_FASC_GL_8991	3805	1539	304
EP_A_FASC_GL_8993	6247	3130	558
EP_A_FASC_GL_8996	12614	2456	631
EP_A_FASC_GL_9014	7541	495	122
EP_A_FASC_GL_9053	9590	1471	391
EP_A_FASC_GL_9056	29643	5673	1106
EP_A_FASC_GL_9057	11518	3646	814
EP_A_FASC_GL_9104	6778	1563	328
EP_A_FASC_GL_9107	11651	933	94
EP_A_FASC_HP_8614	75324	2948	398
EP_A_FASC_HP_8620	24623	11686	3502
EP_A_FASC_HP_8989	77177	1804	364
EP_A_FASC_HP_8990	5832	1523	458
EP_A_FASC_HP_8991	3203	2121	401
EP_A_FASC_HP_8992	22264	2323	901
EP_A_FASC_HP_8993	2255	2170	544
EP_A_FASC_HP_8996	16108	1494	220
EP_A_FASC_HP_9016	7428	1233	350
EP_A_FASC_HP_9019	10746	2758	619
EP_A_FASC_HP_9051	5489	1852	407
EP_A_FASC_HP_9052	2528	766	188
EP_A_FASC_HP_9053	10831	634	167
EP_A_FASC_HP_9057	12225	1272	158
EP_A_FASC_MG_8614	44071	5253	3111
EP_A_FASC_MG_8618	29981	3197	924
EP_A_FASC_MG_8620	26468	7271	4357
EP_A_FASC_MG_8992	19973	827	247
EP_A_FASC_MG_9019	16646	1753	431
EP_A_FASC_MG_9020	15631	7029	363
EP_A_FASC_MG_9052	3585	457	23
EP_A_FASC_MG_9053	10649	404	221
EP_A_FASC_MG_9057	12295	4360	122
EP_A_FASC_MG_9104	9094	3210	112
EP_A_FASC_ST_8618	12891	12654	3752
EP_A_FASC_ST_8620	24041	6673	1831
EP_A_FASC_ST_8990	3393	2502	437
EP_A_FASC_ST_8991	2253	1358	164
EP_A_FASC_ST_8992	34254	18893	2751
EP_A_FASC_ST_8993	9387	17645	3474
EP_A_FASC_ST_8996	18995	3693	1244
EP_A_FASC_ST_9019	6042	9617	2100
EP_A_FASC_ST_9020	48731	5278	1098
EP_A_FASC_ST_9051	9069	756	54
EP_A_FASC_ST_9053	7636	505	128
EP_A_FASC_ST_9057	13191	2825	505
EP_A_GALA_EG_7265	17615	7754	916
EP_A_GALA_EG_7367	16434	5061	1251
EP_A_GALA_EG_8970	16582	2322	529
EP_A_GALA_EG_8972	24465	7277	1041
EP_A_GALA_EG_8978	11106	15035	3036
EP_A_GALA_EG_8980	9479	2392	379
EP_A_GALA_EG_9186	5733	7061	2207
EP_A_GALA_GL_7265	13505	11024	2194
EP_A_GALA_GL_7365	8415	3256	838
EP_A_GALA_GL_7366	9376	5887	2226
EP_A_GALA_GL_7368	12130	3523	874
EP_A_GALA_GL_7369	10849	6382	1508
EP_A_GALA_GL_7370	13510	7424	2869
EP_A_GALA_GL_8661	14501	12005	3376
EP_A_GALA_GL_8970	13233	14267	2758
EP_A_GALA_GL_8971	27844	17326	5853
EP_A_GALA_GL_8972	26703	5804	1439
EP_A_GALA_GL_8975	8241	1871	583
EP_A_GALA_GL_8979	22583	6224	1524
EP_A_GALA_GL_8980	9875	3880	536
EP_A_GALA_GL_9186	10612	9065	3058
EP_A_GALA_HP_7366	25005	548	157
EP_A_GALA_HP_7368	14446	3645	531
EP_A_GALA_HP_7369	23750	439	114
EP_A_GALA_HP_7370	35714	635	141
EP_A_GALA_HP_8661	19600	11586	4285
EP_A_GALA_HP_8970	34454	3010	270
EP_A_GALA_HP_8971	30610	1864	177
EP_A_GALA_HP_8975	6010	423	70
EP_A_GALA_HP_8980	10786	548	128
EP_A_GALA_HP_9186	15115	363	101
EP_A_GALA_MG_7265	31240	7121	7318
EP_A_GALA_MG_7365	12640	3197	1783
EP_A_GALA_MG_7366	16568	1039	616
EP_A_GALA_MG_7367	24957	1392	726
EP_A_GALA_MG_7369	16559	1643	512
EP_A_GALA_MG_7370	15061	881	365
EP_A_GALA_MG_8661	22693	4430	2004
EP_A_GALA_MG_8971	25921	8872	1983
EP_A_GALA_MG_8975	8128	380	298
EP_A_GALA_MG_8979	18378	7445	1029
EP_A_GALA_MG_8980	13812	574	167
EP_A_GALA_MG_9003	23243	4127	1060
EP_A_GALA_MG_9079	8362	3761	304
EP_A_GALA_ST_7265	37949	4942	1638
EP_A_GALA_ST_7365	16052	4295	1318
EP_A_GALA_ST_7366	21047	7922	1484
EP_A_GALA_ST_7367	14710	3793	927
EP_A_GALA_ST_7368	7223	12102	2356
EP_A_GALA_ST_7369	23398	4651	3096
EP_A_GALA_ST_8661	24276	4070	1227
EP_A_GALA_ST_8970	42140	4758	749
EP_A_GALA_ST_8972	21082	1979	247
EP_A_GALA_ST_8975	8893	1132	335
EP_A_GALA_ST_8979	34699	5691	1042
EP_A_GALA_ST_8980	11405	3638	753
EP_A_GALA_ST_9079	3842	221	36
EP_A_HEBE_EG_7359	13840	4070	1132
EP_A_HEBE_EG_8629	14837	7943	436
EP_A_HEBE_EG_8986	23883	3788	1691
EP_A_HEBE_GL_7357	6810	2252	1589
EP_A_HEBE_GL_7358	16451	6019	605
EP_A_HEBE_GL_7360	11802	5614	2307
EP_A_HEBE_GL_8628	6739	2028	591
EP_A_HEBE_GL_8629	9893	4709	263
EP_A_HEBE_GL_8936	16091	7964	659
EP_A_HEBE_GL_8937	13570	6895	1065
EP_A_HEBE_GL_8938	34057	11174	3757
EP_A_HEBE_GL_8983	5151	1436	371
EP_A_HEBE_GL_8985	11673	3343	1976
EP_A_HEBE_GL_8986	1706	483	87
EP_A_HEBE_GL_8987	6302	1003	426
EP_A_HEBE_HP_7357	15535	4425	1455
EP_A_HEBE_HP_7359	18690	5154	1938
EP_A_HEBE_HP_8628	10772	604	103
EP_A_HEBE_HP_8629	14654	1906	301
EP_A_HEBE_HP_8936	13224	3684	1151
EP_A_HEBE_HP_8983	4535	762	133
EP_A_HEBE_HP_8984	9389	5727	1769
EP_A_HEBE_HP_8985	10517	4174	2536
EP_A_HEBE_MG_7357	16667	1072	198
EP_A_HEBE_MG_7358	10152	533	74
EP_A_HEBE_MG_7360	14429	720	243
EP_A_HEBE_MG_8628	5967	73	63
EP_A_HEBE_MG_8985	28133	574	172
EP_A_HEBE_MG_8986	21852	461	149
EP_A_HEBE_MG_9349	9491	230	160
EP_A_HEBE_ST_7357	28895	3998	719
EP_A_HEBE_ST_7358	13079	9619	2161
EP_A_HEBE_ST_7359	7106	5851	1359
EP_A_HEBE_ST_7360	10363	6095	580
EP_A_HEBE_ST_8628	11273	2586	702
EP_A_HEBE_ST_8629	17137	1149	47
EP_A_HEBE_ST_8936	4911	10952	2190
EP_A_HEBE_ST_8983	2366	5111	921
EP_A_HEBE_ST_8985	4401	20158	15274
EP_A_HEBE_ST_8986	9581	28796	5225
EP_A_HEBE_ST_8987	11654	5208	1648
EP_A_HEPH_MG_8925	6994	2458	628
EP_A_HEPH_ST_8925	7123	5068	1236
EP_A_HYEY_HP_8881	10836	4128	2064
EP_A_HYEY_HP_8960	11539	771	88
EP_A_HYEY_HP_8961	5995	370	83
EP_A_HYEY_HP_9199	7513	4997	1220
EP_A_HYEY_MG_8881	25580	1514	271
EP_A_HYEY_MG_8956	13047	1957	1215
EP_A_HYEY_MG_8958	14030	2397	384
EP_A_HYEY_MG_8959	7113	457	89
EP_A_HYEY_MG_8960	21557	1687	149
EP_A_HYEY_MG_8961	5701	2271	319
EP_A_HYEY_MG_9198	35788	4844	1151
EP_A_HYEY_MG_9199	3121	1369	425
EP_A_HYEY_ST_8960	10147	3660	623
EP_A_HYEY_ST_8961	5733	1266	224
EP_A_JAVI_EG_7304	14586	1727	217
EP_A_JAVI_EG_7381	16611	2603	778
EP_A_JAVI_EG_8360	24826	4415	1041
EP_A_JAVI_EG_8377	8223	1657	308
EP_A_JAVI_EG_8939	16823	5664	2443
EP_A_JAVI_GL_7270	27764	780	281
EP_A_JAVI_GL_7277	27590	7678	1989
EP_A_JAVI_GL_7281	17305	6767	1721
EP_A_JAVI_GL_7304	20233	11151	3841
EP_A_JAVI_GL_7318	14498	8122	1338
EP_A_JAVI_GL_7381	15518	4219	854
EP_A_JAVI_GL_8359	35101	3732	1533
EP_A_JAVI_GL_8376	6275	742	217
EP_A_JAVI_GL_8377	9004	660	219
EP_A_JAVI_GL_8379	16843	18274	5476
EP_A_JAVI_GL_8394	2604	1181	807
EP_A_JAVI_GL_8939	8737	4516	1078
EP_A_JAVI_GL_8940	9394	2434	931
EP_A_JAVI_HP_7264	31441	9217	3336
EP_A_JAVI_HP_7277	13882	2615	702
EP_A_JAVI_HP_7304	18783	4290	1419
EP_A_JAVI_HP_7318	20818	9476	1959
EP_A_JAVI_HP_7381	15165	3519	1056
EP_A_JAVI_HP_8359	20858	7526	1426
EP_A_JAVI_HP_8376	5275	913	121
EP_A_JAVI_HP_8394	2511	2256	838
EP_A_JAVI_HP_8939	8030	5302	343
EP_A_JAVI_HP_8940	5453	3475	1111
EP_A_JAVI_HP_8981	6035	452	133
EP_A_JAVI_MG_7270	24766	1626	211
EP_A_JAVI_MG_7277	14007	1308	140
EP_A_JAVI_MG_7280	22044	517	2829
EP_A_JAVI_MG_7318	26412	1763	1067
EP_A_JAVI_MG_7381	16465	1273	320
EP_A_JAVI_MG_8357	6017	2058	599
EP_A_JAVI_MG_8359	48078	4094	392
EP_A_JAVI_MG_8360	22489	1552	363
EP_A_JAVI_MG_8394	13171	903	366
EP_A_JAVI_ST_7277	16068	4361	1933
EP_A_JAVI_ST_7286	7879	15656	2032
EP_A_JAVI_ST_7304	12013	9594	2056
EP_A_JAVI_ST_7318	18271	5509	1026
EP_A_JAVI_ST_8359	20447	14161	3434
EP_A_JAVI_ST_8376	8544	1875	513
EP_A_JAVI_ST_8377	7728	2162	539
EP_A_JAVI_ST_8379	3049	18009	3262
EP_A_JAVI_ST_8394	7436	5877	1250
EP_A_JAVI_ST_8939	9198	7655	1327
EP_A_JAVI_ST_8940	4260	7653	2714
EP_A_JAVI_ST_8981	2592	3086	506
EP_A_MILL_EG_7336	4055	5459	899
EP_A_MILL_GL_7335	10435	3752	1089
EP_A_MILL_GL_7336	8043	2515	646
EP_A_MILL_HP_7335	4639	4309	1058
EP_A_MILL_MG_7335	8239	581	299
EP_A_MILL_MG_7336	5946	954	489
EP_A_MILL_ST_7335	7645	7581	2312
EP_A_MILL_ST_7336	9727	7284	1190
EP_A_PANA_EG_7327	13872	3193	480
EP_A_PANA_EG_8353	6828	4037	1016
EP_A_PANA_EG_8948	8136	2726	387
EP_A_PANA_EG_8951	20466	4472	903
EP_A_PANA_EG_9021	14825	10450	2109
EP_A_PANA_EG_9264	10443	4477	1064
EP_A_PANA_GL_7322	12334	2144	314
EP_A_PANA_GL_7326	18270	3311	682
EP_A_PANA_GL_7327	14093	2464	400
EP_A_PANA_GL_7329	13926	1920	392
EP_A_PANA_GL_7330	11379	1166	144
EP_A_PANA_GL_7331	30979	2519	619
EP_A_PANA_GL_7332	19549	1567	523
EP_A_PANA_GL_8353	5946	7781	1862
EP_A_PANA_GL_8792	9545	1760	212
EP_A_PANA_GL_8948	8306	1424	266
EP_A_PANA_GL_8952	18947	2458	806
EP_A_PANA_GL_9021	15791	5134	1183
EP_A_PANA_GL_9131	8394	1379	217
EP_A_PANA_GL_9264	24829	2767	322
EP_A_PANA_HP_7330	18444	687	124
EP_A_PANA_HP_7332	35259	3551	136
EP_A_PANA_HP_7332M	15260	1706	402
EP_A_PANA_HP_8353	1865	3138	598
EP_A_PANA_HP_8948	5617	2384	687
EP_A_PANA_HP_8951	3275	138	17
EP_A_PANA_HP_9131	3846	711	68
EP_A_PANA_HP_9338	9811	683	62
EP_A_PANA_MG_7322	24490	2230	295
EP_A_PANA_MG_7326	25318	2929	590
EP_A_PANA_MG_7327	23719	1975	278
EP_A_PANA_MG_7329	7753	321	82
EP_A_PANA_MG_7330	13181	1770	187
EP_A_PANA_MG_7331	24153	1849	335
EP_A_PANA_MG_8353	17477	1719	305
EP_A_PANA_MG_8792	13615	902	244
EP_A_PANA_MG_8948	9742	840	113
EP_A_PANA_MG_8951	31101	7715	1068
EP_A_PANA_MG_9021	31557	2330	549
EP_A_PANA_MG_9022	3457	191	61
EP_A_PANA_MG_9131	5097	582	37
EP_A_PANA_MG_9264	16346	3228	810
EP_A_PANA_MG_9332	18106	1851	614
EP_A_PANA_MG_9338	11368	3369	866
EP_A_PANA_MG_9339	3015	446	135
EP_A_PANA_MG_9340	5203	602	109
EP_A_PANA_ST_7322	25910	2236	301
EP_A_PANA_ST_7326	25620	4883	771
EP_A_PANA_ST_7327	15697	5411	892
EP_A_PANA_ST_7329	37107	1626	555
EP_A_PANA_ST_7330	20160	5288	1411
EP_A_PANA_ST_7332	18060	4103	590
EP_A_PANA_ST_8353	7536	7213	1182
EP_A_PANA_ST_8792	10539	2567	315
EP_A_PANA_ST_8948	5293	2936	630
EP_A_PANA_ST_8952	7099	948	124
EP_A_PANA_ST_9022	4311	571	142
EP_A_PANA_ST_9264	8931	4171	848
EP_A_PANA_ST_9332	14395	2956	738
EP_A_PANA_ST_9338	10753	3272	605
EP_A_ROST_EG_9072	6931	2721	759
EP_A_ROST_EG_9073	13583	1785	352
EP_A_ROST_EG_9113	11098	1367	362
EP_A_ROST_EG_9119	7924	6541	2744
EP_A_ROST_EG_9124	9970	2109	351
EP_A_ROST_GL_9072	2644	739	188
EP_A_ROST_GL_9073	3849	1496	338
EP_A_ROST_GL_9074	6404	1463	209
EP_A_ROST_GL_9075	14674	3261	663
EP_A_ROST_GL_9076	25689	3159	668
EP_A_ROST_GL_9112	18094	1756	258
EP_A_ROST_GL_9113	15002	1904	382
EP_A_ROST_GL_9115	17165	2259	630
EP_A_ROST_GL_9117	3700	477	76
EP_A_ROST_GL_9118	19837	1782	410
EP_A_ROST_GL_9119	11468	2855	420
EP_A_ROST_GL_9120	43615	8162	1542
EP_A_ROST_GL_9121	21905	4380	421
EP_A_ROST_GL_9122	4343	2795	341
EP_A_ROST_GL_9123	14368	5249	457
EP_A_ROST_GL_9124	15942	1865	275
EP_A_ROST_HP_9073	2400	2932	411
EP_A_ROST_HP_9074	4249	1490	212
EP_A_ROST_HP_9112	18974	1119	457
EP_A_ROST_HP_9113	13967	308	131
EP_A_ROST_HP_9114	6143	2684	216
EP_A_ROST_HP_9115	8999	3990	1263
EP_A_ROST_HP_9117	5629	237	84
EP_A_ROST_HP_9118	16471	1363	330
EP_A_ROST_HP_9119	9235	1682	283
EP_A_ROST_HP_9123	32150	2656	259
EP_A_ROST_HP_9194	4749	1641	311
EP_A_ROST_MG_9075	1718	581	100
EP_A_ROST_MG_9112	13432	3599	607
EP_A_ROST_MG_9113	16966	2008	133
EP_A_ROST_MG_9117	7108	388	113
EP_A_ROST_MG_9118	17237	1738	227
EP_A_ROST_MG_9119	11104	1254	187
EP_A_ROST_MG_9122	7180	853	226
EP_A_ROST_MG_9123	21679	2129	401
EP_A_ROST_MG_9124	13946	701	128
EP_A_ROST_MG_9194	4591	1253	238
EP_A_ROST_ST_9073	4379	6438	1260
EP_A_ROST_ST_9112	16480	1953	507
EP_A_ROST_ST_9114	3766	4076	612
EP_A_ROST_ST_9117	5577	372	53
EP_A_ROST_ST_9118	16768	3165	1199
EP_A_ROST_ST_9119	7610	2785	317
EP_A_ROST_ST_9124	9589	4164	372
EP_A_SAXI_EG_9250	12768	9725	1741
EP_A_SAXI_EG_9263	2887	474	156
EP_A_SAXI_HP_8497	47318	946	26
EP_A_SAXI_HP_8612	11402	3120	331
EP_A_SAXI_MG_8686	26035	3407	460
EP_A_SAXI_MG_9248	1833	1069	286
EP_A_SAXI_MG_9261	6388	10833	6302
EP_A_SAXI_MG_9263	2001	777	188
EP_A_UMBO_EG_8669	10249	5413	913
EP_A_UMBO_EG_9126	923	500	175
EP_A_UMBO_GL_8670	3173	3381	805
EP_A_UMBO_GL_8671	5781	5839	1560
EP_A_UMBO_GL_8692	12639	4411	1237
EP_A_UMBO_GL_8693	16025	4393	1632
EP_A_UMBO_GL_9266	4334	3322	611
EP_A_UMBO_HP_8669	11442	1462	396
EP_A_UMBO_HP_8670	3780	1872	165
EP_A_UMBO_HP_8671	7971	684	79
EP_A_UMBO_HP_8692	7416	4151	1332
EP_A_UMBO_HP_8693	16156	1687	375
EP_A_UMBO_HP_9127	24076	4099	1241
EP_A_UMBO_MG_8669	9674	528	199
EP_A_UMBO_MG_8670	8506	1885	310
EP_A_UMBO_MG_8671	8397	2614	760
EP_A_UMBO_MG_8692	13083	1436	224
EP_A_UMBO_MG_8693	13545	3102	595
EP_A_UMBO_MG_9127	20707	4050	1335
EP_A_UMBO_MG_9266	7450	1192	151
EP_A_UMBO_ST_8669	22110	2324	481
EP_A_UMBO_ST_8670	3901	4340	603
EP_A_UMBO_ST_8671	5998	682	193
EP_A_UMBO_ST_8691	6548	1326	435
EP_A_UMBO_ST_8692	9669	6488	1161
EP_A_UMBO_ST_9126	1895	292	44
EP_A_UMBO_ST_9127	26685	1376	401
EP_A_UMBO_ST_9266	5491	4309	704
EP_A_UTRI_EG_8448	13174	18367	5066
EP_A_UTRI_EG_9067	14230	7475	1512
EP_A_UTRI_EG_9070	5540	6972	1327
EP_A_UTRI_EG_9188	4816	5006	1055
EP_A_UTRI_GL_8447	11124	5750	1251
EP_A_UTRI_GL_8448	8934	18700	5770
EP_A_UTRI_GL_8916	2087	2350	503
EP_A_UTRI_GL_9068	2609	1959	317
EP_A_UTRI_GL_9069	16243	7555	1754
EP_A_UTRI_GL_9070	6004	1818	313
EP_A_UTRI_GL_9133	2945	3583	726
EP_A_UTRI_GL_9135	2208	3551	947
EP_A_UTRI_GL_9270	8522	4015	1024
EP_A_UTRI_HP_8447	27259	4427	781
EP_A_UTRI_HP_8448	8982	15940	4170
EP_A_UTRI_HP_8483	7570	2557	632
EP_A_UTRI_HP_8916	7472	7859	2173
EP_A_UTRI_HP_9067	21658	8873	1824
EP_A_UTRI_HP_9068	1217	2511	379
EP_A_UTRI_HP_9069	11230	8623	2134
EP_A_UTRI_HP_9070	3368	3946	888
EP_A_UTRI_HP_9071	3295	4624	1007
EP_A_UTRI_HP_9133	2343	4004	664
EP_A_UTRI_HP_9135	1882	2414	747
EP_A_UTRI_HP_9269	2847	3504	606
EP_A_UTRI_HP_9271	1827	2815	840
EP_A_UTRI_HP_9272	12256	16812	5720
EP_A_UTRI_MG_8447	12476	6899	2193
EP_A_UTRI_MG_8448	29007	7863	2842
EP_A_UTRI_MG_8483	10114	1981	581
EP_A_UTRI_MG_8916	3861	4129	1077
EP_A_UTRI_MG_9067	22666	7860	1695
EP_A_UTRI_MG_9069	5665	4437	1140
EP_A_UTRI_MG_9070	3836	6055	881
EP_A_UTRI_MG_9071	738	1016	282
EP_A_UTRI_MG_9133	2168	2434	535
EP_A_UTRI_MG_9134	4245	1846	350
EP_A_UTRI_MG_9269	4405	2385	523
EP_A_UTRI_MG_9270	9104	3947	1094
EP_A_UTRI_MG_9271	1960	3579	1325
EP_A_UTRI_ST_8447	18717	10659	2486
EP_A_UTRI_ST_8448	10916	16671	3070
EP_A_UTRI_ST_9067	25254	11468	2177
EP_A_UTRI_ST_9069	6336	6946	1280
EP_A_UTRI_ST_9070	5236	6212	908
EP_A_UTRI_ST_9071	599	901	168
EP_A_UTRI_ST_9135	2014	2854	733
EP_A_UTRI_ST_9269	3624	3654	771
EP_A_UTRI_ST_9270	11407	3816	821
EP_A_UTRI_ST_9271	2266	2664	801
EP_A_UTRI_ST_9272	8120	8466	1916
EP_E_SAMP_MD_9290	925	5962	1916
EP_E_SAMP_MD_9291	1159	6511	2167
EP_E_SAMP_MD_9292	3437	19020	5886
EP_E_SAMP_MD_9293	603	3874	1384
EP_E_SAMP_MD_9294	2182	15228	5126
EP_E_SAMP_RB_9295	2838	8976	2495
EP_E_SAMP_RB_9296	1653	6497	1945
EP_E_SAMP_RB_9297	4235	18725	6014
EP_E_SAMP_RB_9298	7298	25376	7750
EP_E_SAMP_RB_9299	7336	25075	7195
EP_E_SAMP_RB_scrap1	7526	15403	3203
EP_E_SAMP_RB_scrap2	301	11982	246
EP_E_SAMP_RB_scrap3	10461	28591	4970
EP_E_SAMP_RB_scrap4	3347	26438	5452
EP_E_SAMP_SD_9285	834	11658	4158
EP_E_SAMP_SD_9286	497	9434	3176
EP_E_SAMP_SD_9287	2293	24355	7969
EP_E_SAMP_SD_9288	4761	26113	7389
EP_E_SAMP_SD_9289	1189	12160	4466
EP_E_SAMP_SD_sed	422	9314	3059
EP_E_SAMP_WT_2977	25559	18372	7216
EP_E_SAMP_WT_2985	27729	16687	7587
EP_E_SAMP_WT_2989	18523	26486	7844
EP_E_SAMP_WT_2995	29927	19744	6667
EP_E_SAMP_WT_2999	23600	13548	5115
EP_E_SAMP_WT_3006	28920	17632	6367
EP_E_SAMP_WT_3007	23471	12621	4711
EP_E_SAMP_WT_3014	24900	15402	5568
WA_A_BAHA_EG_7652	13384	4389	1280
WA_A_BAHA_EG_7654	6177	4905	2273
WA_A_BAHA_EG_7656	2485	2419	547
WA_A_BAHA_GL_7470	5604	784	393
WA_A_BAHA_GL_7473	9095	7966	2194
WA_A_BAHA_GL_7650	4381	2443	285
WA_A_BAHA_GL_7654	8902	2849	396
WA_A_BAHA_HP_7474	3147	2575	604
WA_A_BAHA_HP_7477	18089	1641	1466
WA_A_BAHA_HP_7478	9154	11363	4487
WA_A_BAHA_HP_7650	6331	2776	635
WA_A_BAHA_HP_7652	3598	1277	473
WA_A_BAHA_HP_7654	5322	228	2218
WA_A_BAHA_HP_7656	5018	279	1446
WA_A_BAHA_MG_7470	49501	1309	739
WA_A_BAHA_MG_7472	17862	997	374
WA_A_BAHA_MG_7474	8326	1602	1088
WA_A_BAHA_MG_7477	21554	998	850
WA_A_BAHA_MG_7478	3681	270	76
WA_A_BAHA_MG_7501	13035	852	250
WA_A_BAHA_MG_7513	16852	754	380
WA_A_BAHA_MG_7515	15354	2124	1631
WA_A_BAHA_MG_7516	64170	1115	699
WA_A_BAHA_MG_7650	3050	2504	946
WA_A_BAHA_MG_7652	7526	2382	409
WA_A_BAHA_MG_7656	2907	1540	263
WA_A_BAHA_ST_7470	30003	5531	1756
WA_A_BAHA_ST_7471	2485	4843	914
WA_A_BAHA_ST_7473	18552	7091	1905
WA_A_BAHA_ST_7474	5121	2355	600
WA_A_BAHA_ST_7477	19608	4745	1062
WA_A_BAHA_ST_7501	3499	4196	682
WA_A_BAHA_ST_7513	3064	733	215
WA_A_BAHA_ST_7650	5372	5675	1153
WA_A_BAHA_ST_7652	7957	4235	995
WA_A_BAHA_ST_7656	3143	2419	795
WA_A_BOUV_EG_7511	17955	4995	410
WA_A_BOUV_EG_7582	31484	5436	1587
WA_A_BOUV_EG_7583	12716	5479	994
WA_A_BOUV_EG_7645	14222	2345	610
WA_A_BOUV_GL_7509	7247	4564	2457
WA_A_BOUV_GL_7511	10132	2462	982
WA_A_BOUV_GL_7586	23217	7024	1907
WA_A_BOUV_HP_7509	5083	3138	1736
WA_A_BOUV_HP_7511	10394	504	107
WA_A_BOUV_HP_7580	4063	1693	399
WA_A_BOUV_HP_7583	5741	639	105
WA_A_BOUV_HP_7640	5233	1190	529
WA_A_BOUV_HP_7644	4063	1411	20
WA_A_BOUV_MG_7583	11469	608	221
WA_A_BOUV_MG_7640	15634	172	129
WA_A_BOUV_MG_7642	13966	820	490
WA_A_BOUV_MG_7644	8270	175	99
WA_A_BOUV_MG_7645	15434	661	269
WA_A_BOUV_MG_7647	12388	330	111
WA_A_BOUV_ST_7511	5260	15827	3091
WA_A_BOUV_ST_7580	1754	6043	1668
WA_A_BOUV_ST_7584	10607	9303	1325
WA_A_BOUV_ST_7585	923	1713	305
WA_A_BOUV_ST_7639	9210	3724	1748
WA_A_BOUV_ST_7644	4971	3806	603
WA_A_CRIS_EG_7536	28390	11956	4723
WA_A_CRIS_EG_7537	7072	1878	1181
WA_A_CRIS_EG_7632	5674	1115	361
WA_A_CRIS_EG_9463	7834	3994	443
WA_A_CRIS_EG_9510	5513	2196	424
WA_A_CRIS_EG_9623	39280	8254	508
WA_A_CRIS_EG_9624	10470	7255	1882
WA_A_CRIS_GL_7539	11134	6166	1652
WA_A_CRIS_GL_9510	12605	697	278
WA_A_CRIS_HP_7500	2702	1767	943
WA_A_CRIS_HP_7539	6229	5687	2982
WA_A_CRIS_HP_7624	10795	8699	2535
WA_A_CRIS_HP_9471	2072	2164	643
WA_A_CRIS_HP_9621	6832	6203	2425
WA_A_CRIS_MG_7497	2285	1597	292
WA_A_CRIS_MG_7499	7614	15294	3112
WA_A_CRIS_MG_7536	9286	1622	305
WA_A_CRIS_MG_7537	11845	5780	1370
WA_A_CRIS_MG_7538	4560	1844	436
WA_A_CRIS_MG_7539	1178	1917	571
WA_A_CRIS_MG_7624	9655	12421	4168
WA_A_CRIS_MG_7625	19835	15272	3041
WA_A_CRIS_MG_9463	9473	4732	1848
WA_A_CRIS_MG_9467	11519	21896	6106
WA_A_CRIS_MG_9471	990	1052	353
WA_A_CRIS_MG_9473	8222	8390	2327
WA_A_CRIS_MG_9510	4172	5341	1197
WA_A_CRIS_MG_9623	16527	12212	2230
WA_A_CRIS_MG_9624	9867	14195	3686
WA_A_CRIS_ST_7539	773	1706	1239
WA_A_CRIS_ST_9463	8172	6078	634
WA_A_FLOR_EG_7680	3183	7996	4120
WA_A_FLOR_EG_9662	606	1702	626
WA_A_FLOR_GL_7694	16729	1948	515
WA_A_FLOR_GL_9653	10177	1958	833
WA_A_FLOR_HP_7685	5071	2360	741
WA_A_FLOR_HP_7694	11115	7761	2120
WA_A_FLOR_HP_7697	6581	4488	1451
WA_A_FLOR_HP_9433	26313	11769	1614
WA_A_FLOR_HP_9650	8725	2193	576
WA_A_FLOR_HP_9651	2996	5780	2242
WA_A_FLOR_HP_9652	9004	6937	1907
WA_A_FLOR_HP_9653	9173	2928	840
WA_A_FLOR_HP_9654	1658	2908	745
WA_A_FLOR_HP_9655	11982	16443	3482
WA_A_FLOR_HP_9662	12906	11712	3607
WA_A_FLOR_MG_7680	11790	5994	1048
WA_A_FLOR_MG_7685	7895	2432	258
WA_A_FLOR_MG_7694	18328	1148	795
WA_A_FLOR_MG_7697	18711	3148	529
WA_A_FLOR_MG_9433	33474	1908	280
WA_A_FLOR_MG_9648	13019	531	147
WA_A_FLOR_MG_9650	10731	777	110
WA_A_FLOR_MG_9651	9289	723	89
WA_A_FLOR_MG_9652	42998	2852	311
WA_A_FLOR_MG_9653	10563	1084	227
WA_A_FLOR_MG_9654	8160	793	85
WA_A_FLOR_MG_9655	49579	3656	2086
WA_A_FLOR_MG_9658	42540	2501	636
WA_A_FLOR_MG_9659	9691	1217	343
WA_A_FLOR_MG_9662	7125	229	65
WA_A_FLOR_MG_9663	10463	858	122
WA_A_FLOR_MG_9664	44944	2344	392
WA_A_FLOR_ST_7685	3349	4214	1425
WA_A_FLOR_ST_7693	4913	10033	1585
WA_A_FLOR_ST_7694	7197	8225	2048
WA_A_FLOR_ST_7697	11358	2033	519
WA_A_FLOR_ST_9433	2244	5071	893
WA_A_FLOR_ST_9650	5272	2307	635
WA_A_FLOR_ST_9652	25483	25624	7194
WA_A_FLOR_ST_9653	6561	1662	470
WA_A_FLOR_ST_9654	4406	5633	532
WA_A_FLOR_ST_9655	813	1260	2113
WA_A_FLOR_ST_9659	14623	10300	2496
WA_A_FLOR_ST_9662	9351	8286	2390
WA_A_FORM_EG_7457	1071	458	92
WA_A_FORM_EG_7752	2448	3816	1484
WA_A_FORM_EG_9400	11440	3440	1299
WA_A_FORM_GL_7608	8885	1534	247
WA_A_FORM_GL_7609	1195	371	88
WA_A_FORM_HP_7551	15593	384	62
WA_A_FORM_HP_7608	6363	1133	520
WA_A_FORM_HP_7609	1537	305	106
WA_A_FORM_HP_7712	19548	573	200
WA_A_FORM_HP_7713	6274	1480	454
WA_A_FORM_HP_7748	7435	3091	122
WA_A_FORM_HP_7753	22961	874	188
WA_A_FORM_HP_9400	10122	691	107
WA_A_FORM_MG_7402	14862	3999	1507
WA_A_FORM_MG_7456	9343	77	42
WA_A_FORM_MG_7457	1153	260	36
WA_A_FORM_MG_7550	17543	1001	145
WA_A_FORM_MG_7608	6791	1203	283
WA_A_FORM_MG_7609	5222	376	42
WA_A_FORM_MG_7712	10275	2062	564
WA_A_FORM_MG_7713	8055	854	115
WA_A_FORM_MG_7748	6034	1367	188
WA_A_FORM_MG_7751	2897	4153	1314
WA_A_FORM_MG_7752	651	799	147
WA_A_FORM_MG_7753	33909	1448	819
WA_A_FORM_MG_9400	3669	1852	39
WA_A_FORM_ST_7457	1233	83	10
WA_A_FORM_ST_7458	17122	1686	175
WA_A_FORM_ST_7550	13109	797	208
WA_A_FORM_ST_7551	7625	727	231
WA_A_FORM_ST_7608	5174	828	106
WA_A_FORM_ST_7675	10652	2048	499
WA_A_FORM_ST_7752	2246	7306	1178
WA_A_NUTT_EG_9406	16192	3046	690
WA_A_NUTT_EG_9459	7961	5826	1879
WA_A_NUTT_HP_7430	4570	4054	2518
WA_A_NUTT_HP_9406	1859	36	13
WA_A_NUTT_MG_7429	53094	5008	1332
WA_A_NUTT_MG_7430	4861	324	157
WA_A_NUTT_MG_7491	16342	2310	170
WA_A_NUTT_MG_7492	14199	1869	419
WA_A_NUTT_MG_7526	11320	2246	1068
WA_A_NUTT_MG_7529	16497	1523	1008
WA_A_NUTT_MG_9406	16683	574	245
WA_A_NUTT_MG_9409	2880	64	13
WA_A_NUTT_ST_9405	557	706	145
WA_A_NUTT_ST_9406	22384	1369	406
WA_A_NUTT_ST_9459	15639	7062	2208
WA_A_PARA_EG_7451	7481	2266	575
WA_A_PARA_EG_7706	3778	905	325
WA_A_PARA_EG_7708	3884	1793	408
WA_A_PARA_EG_9478	28729	16368	3725
WA_A_PARA_EG_9483	2704	1444	363
WA_A_PARA_GL_7451	7367	3396	651
WA_A_PARA_HP_7451	1603	379	88
WA_A_PARA_HP_7459	7314	3158	603
WA_A_PARA_HP_7706	4711	1870	1004
WA_A_PARA_HP_7708	3779	1853	482
WA_A_PARA_HP_9474	3893	1178	597
WA_A_PARA_HP_9478	3778	4597	1123
WA_A_PARA_HP_9483	5732	235	37
WA_A_PARA_MG_7451	8942	378	162
WA_A_PARA_MG_7459	16366	8966	1589
WA_A_PARA_MG_7708	8856	698	87
WA_A_PARA_MG_9364	447	25	6
WA_A_PARA_MG_9399	3717	1786	439
WA_A_PARA_MG_9474	25326	1048	577
WA_A_PARA_MG_9478	50155	8526	2363
WA_A_PARA_MG_9483	5522	213	47
WA_A_PARA_MG_9486	38000	7742	1452
WA_A_PARA_ST_7451	4450	5390	1085
WA_A_PARA_ST_7459	1043	5171	959
WA_A_PARA_ST_7706	4007	4269	933
WA_A_PARA_ST_9483	4936	351	60
WA_A_PCNS_EG_7600	10820	11043	754
WA_A_PCNS_EG_7601	8441	4318	1345
WA_A_PCNS_EG_7604	4875	1410	417
WA_A_PCNS_EG_7702	6257	1595	811
WA_A_PCNS_EG_9443	25589	4818	1348
WA_A_PCNS_EG_9516	10886	7062	3624
WA_A_PCNS_GL_7445	1821	849	270
WA_A_PCNS_GL_7552	3728	1885	526
WA_A_PCNS_GL_7600	9608	1657	1376
WA_A_PCNS_GL_7604	8300	3554	1800
WA_A_PCNS_GL_7637	7356	2418	650
WA_A_PCNS_GL_7702	2585	808	429
WA_A_PCNS_GL_9519	19001	3206	2331
WA_A_PCNS_HP_7446	12708	1645	604
WA_A_PCNS_HP_7600	11583	2047	1237
WA_A_PCNS_HP_7603	13479	3215	868
WA_A_PCNS_MG_7446	13794	432	179
WA_A_PCNS_MG_7600	16691	1253	3084
WA_A_PCNS_MG_7637	12364	2017	129
WA_A_PCNS_MG_9515	57385	1634	398
WA_A_PCNS_MG_9516	39405	707	241
WA_A_PCNS_ST_7399	14737	14282	2737
WA_A_PCNS_ST_7446	9593	6796	2513
WA_A_PCNS_ST_7552	4971	2571	432
WA_A_PCNS_ST_7600	7954	4447	1128
WA_A_PCNS_ST_7604	14521	6420	1191
WA_A_PCNS_ST_7702	9587	1126	416
WA_A_PCNS_ST_9513	3852	2698	523
WA_A_PCNS_ST_9519	3498	2190	279
WA_A_PCWS_EG_7558	12509	2041	483
WA_A_PCWS_EG_9440	3118	1289	530
WA_A_PCWS_EG_9522	42862	4480	1008
WA_A_PCWS_GL_7410	2331	1484	339
WA_A_PCWS_GL_7441	3182	342	129
WA_A_PCWS_GL_7450	4773	895	356
WA_A_PCWS_GL_7556	12029	230	79
WA_A_PCWS_GL_7558	7222	1522	280
WA_A_PCWS_HP_7440	3224	598	30
WA_A_PCWS_HP_7441	6330	802	142
WA_A_PCWS_HP_7442	18590	2704	595
WA_A_PCWS_HP_7557	6313	2452	615
WA_A_PCWS_HP_7558	9263	423	131
WA_A_PCWS_HP_7672	8472	3514	1079
WA_A_PCWS_HP_9522	19663	10342	6679
WA_A_PCWS_MG_7440	11701	2874	64
WA_A_PCWS_MG_7442	22158	2889	224
WA_A_PCWS_MG_7450	38938	4023	811
WA_A_PCWS_MG_7672	11478	709	176
WA_A_PCWS_MG_9439	31608	8174	722
WA_A_PCWS_MG_9440	6038	2096	149
WA_A_PCWS_MG_9522	53634	1876	1145
WA_A_PCWS_ST_7439	6001	6140	1705
WA_A_PCWS_ST_7440	3748	2234	366
WA_A_PCWS_ST_7450	13479	14548	2617
WA_A_PCWS_ST_7557	2670	2318	617
WA_A_PCWS_ST_7558	8368	2553	196
WA_A_PCWS_ST_9522	25282	21078	3478
WA_A_PLAT_MG_9369	3850	375	52
WA_A_SIMU_GL_7486	18372	14121	3155
WA_A_SIMU_GL_7717	21042	12474	2077
WA_A_SIMU_HP_7486	19878	5649	1857
WA_A_SIMU_HP_7717	1718	1668	976
WA_A_SIMU_MG_7486	3138	1481	151
WA_A_THOM_GL_7416	1136	591	109
WA_A_THOM_GL_7417	69768	12332	4982
WA_A_THOM_GL_7502	10991	3084	861
WA_A_THOM_GL_7540	8023	1344	409
WA_A_THOM_GL_7543	39742	14487	4926
WA_A_THOM_GL_9384	13309	1953	480
WA_A_THOM_GL_9387	6284	3643	1232
WA_A_THOM_GL_9420	25033	3179	725
WA_A_THOM_HP_7416	7306	926	80
WA_A_THOM_HP_7503	28367	2989	988
WA_A_THOM_HP_9387	11037	1662	89
WA_A_THOM_MG_7391	18782	1049	274
WA_A_THOM_MG_7392	2008	184	12
WA_A_THOM_MG_7393	12786	2507	237
WA_A_THOM_MG_7416	9078	328	149
WA_A_THOM_MG_7502	13423	1597	390
WA_A_THOM_MG_7540	9831	1886	391
WA_A_THOM_MG_7541	18268	1138	444
WA_A_THOM_MG_7543	82522	20998	4777
WA_A_THOM_MG_9384	7987	1974	428
WA_A_THOM_MG_9387	13294	2085	195
WA_A_THOM_MG_9389	1524	375	114
WA_A_THOM_MG_9420	27721	2156	391
WA_A_THOM_ST_7391	15528	2545	658
WA_A_THOM_ST_7393	9124	4648	716
WA_A_THOM_ST_7416	5965	4376	758
WA_A_THOM_ST_7480	12793	5516	418
WA_A_THOM_ST_7502	10562	5079	1465
WA_A_THOM_ST_7543	57651	25778	4904
WA_A_THOM_ST_7544	11601	3874	808
WA_A_THOM_ST_9420	28109	4700	1736
WA_A_VERR_EG_7607	5170	3932	400
WA_A_VERR_HP_9507	9547	1063	336
WA_A_VERR_MG_7606	5983	1349	828
WA_A_VERR_MG_7607	6854	973	85
WA_A_VERR_MG_9507	8897	1263	122
WA_A_VERR_MG_9526	26784	3943	185
WA_A_VERR_MG_9611	50531	3247	1039
WA_A_VERR_ST_9507	8274	3265	628
WA_A_WEBS_EG_7612	1284	528	65
WA_A_WEBS_EG_7727	4427	2674	539
WA_A_WEBS_EG_7731	5722	2394	264
WA_A_WEBS_GL_7638	104322	18616	5584
WA_A_WEBS_GL_7728	13922	4348	2272
WA_A_WEBS_GL_9609	10459	669	284
WA_A_WEBS_HP_7611	14913	1606	310
WA_A_WEBS_HP_7638	15308	3298	893
WA_A_WEBS_HP_7727	947	197	171
WA_A_WEBS_HP_9609	5182	1853	216
WA_A_WEBS_MG_7423	21716	1063	76
WA_A_WEBS_MG_7507	16403	4023	1129
WA_A_WEBS_MG_7611	16824	2133	361
WA_A_WEBS_MG_7727	8197	227	49
WA_A_WEBS_MG_7729	5409	573	108
WA_A_WEBS_ST_7611	14382	3200	994
WA_A_WEBS_ST_7638	12709	11230	2632
WA_A_WEBS_ST_7726	20896	1011	186
WA_A_WEBS_ST_9610	21315	27391	4364
WA_E_SAMP_RB_7533	458	27811	19022
WA_E_SAMP_RB_7534	1421	7304	1908
WA_E_SAMP_RB_7535	908	17484	7427
WA_E_SAMP_WT_2670	10111	5691	1269
WA_E_SAMP_WT_2671	10345	6633	1275
WA_E_SAMP_WT_2672	11199	7168	1657
WA_E_SAMP_WT_2673	10820	7708	2280
WA_E_SAMP_WT_2674	6697	5040	2049
WA_E_SAMP_WT_2675	10123	4537	1031
WA_E_SAMP_WT_2676	6795	4839	1464
WA_E_SAMP_WT_2677	38182	20804	4105
WA_E_SAMP_WT_2678	30461	17910	4086
WA_E_SAMP_WT_2679	60206	43986	11492
WA_E_SAMP_WT_2680	33923	21257	5250
WA_E_SAMP_WT_2681	42641	28220	8559
WA_E_SAMP_WT_3023	19442	20875	4214
WA_E_SAMP_WT_3031	23407	15969	4428
WA_E_SAMP_WT_3039	17453	15857	4867
WA_E_SAMP_WT_3047	20041	12228	3018
WA_E_SAMP_WT_3051	21075	14045	4191
WA_E_SAMP_WT_3063	25545	17132	4473
WA_E_SAMP_WT_3071	26655	19483	5564
WA_E_SAMP_WT_3075	18169	14955	4564
WA_A_BOUV_EG_7586	16228	6394	407
WA_A_BOUV_MG_7646	18449	154	120
WA_A_FORM_GL_7752	2235	2597	841
WA_A_NUTT_EG_9408	1036	191	44
WA_A_NUTT_HP_9459	4379	3324	1018
WA_A_PARA_ST_7708	757	501	133
WA_A_PCNS_HP_7554	4589	372	140
WA_A_PCNS_ST_9515	15272	7892	1416
WA_A_THOM_GL_7480	5781	800	124
WA_A_THOM_HP_7393	7291	3091	578
WA_A_VERR_HP_9611	13481	16113	6705
WA_A_WEBS_ST_7728	21579	6533	1612
EP_A_FASC_EG_9016	5532	1008	126
EP_A_PANA_EG_9338	1734	6831	1187
EP_A_PANA_GL_9340	7120	895	278
EP_A_UTRI_GL_9134	4240	747	215
EP_A_FASC_MG_8993	35937	4825	1220
WA_E_SAMP_RB_7531	148	4917	1620
WA_A_FLOR_GL_9658	6670	889	211
EP_A_HYEY_MG_8962	2118	810	2731
WA_A_CRIS_GL_7500	9308	923	48
WA_A_FORM_HP_7657	9631	3387	160
EP_A_JAVI_MG_8379	22148	1337	478
WA_A_THOM_ST_7392	858	443	109
WA_A_CRIS_HP_9461	3922	4078	1631
EP_A_SAXI_EG_9239	3341	343	567
EP_A_GALA_EG_7370	3027	923	198
EP_A_AREN_HP_9196	2632	1855	709
EP_A_HEBE_MG_8937	20229	169	48
WA_A_CRIS_HP_7538	3010	2795	870
WA_A_FLOR_ST_9651	4525	3582	252
WA_A_BAHA_ST_7476	6870	1799	480
WA_A_BAHA_GL_7471	41367	25618	8578
EP_A_FASC_MG_9016	6860	267	166
WA_A_CRIS_GL_7499	26577	2559	160
EP_A_PANA_HP_9264	18476	478	185
WA_A_BOUV_EG_7581	1342	272	60
WA_A_PCNS_EG_7715	6787	2084	883
WA_A_WEBS_MG_7731	9808	336	63
WA_A_PCWS_GL_9522	24357	13097	6604
WA_A_NUTT_MG_9405	1904	60	43
WA_A_FORM_ST_7712	6940	655	37
EP_A_ROST_MG_9074	7069	601	124
EP_A_JAVI_HP_7286	2525	3405	867
WA_A_NUTT_HP_9405	1480	233	69
EP_A_GALA_HP_7365	23947	809	316
EP_A_GALA_MG_7368	19592	4864	214
EP_A_HEBE_HP_7360	4649	4339	1134
EP_A_HEBE_MG_8936	14076	3732	1122
EP_A_PANA_EG_9332	7513	4586	800
EP_A_PANA_GL_9339	2636	174	52
EP_A_PANA_HP_7322	23478	662	73
EP_A_PANA_HP_7326	42449	1163	140
EP_A_PANA_HP_7327	30809	789	91
EP_A_PANA_HP_7329	31029	469	103
EP_A_PANA_HP_7331	34808	1662	108
EP_A_PANA_HP_8792	10563	1444	434
EP_A_PANA_HP_9021	33262	1630	191
EP_A_PANA_HP_9339	3952	172	31
EP_A_PANA_HP_9340	5532	393	55
EP_A_PANA_ST_9339	1700	531	153
EP_A_PANA_ST_9340	4986	593	104
EP_A_SAXI_HP_8686	30344	3063	57
WA_A_BAHA_ST_7515	2869	7748	1421
WA_A_NUTT_HP_9410	7976	303	99
WA_A_NUTT_ST_9410	5068	2101	427
EP_A_GALA_HP_7265	41533	895	181
EP_A_GALA_HP_7367	22524	314	64
EP_A_GALA_HP_8972	39681	2212	176
EP_A_GALA_HP_8979	17270	938	56
EP_A_GALA_HP_9164	12377	269	61
EP_A_GALA_ST_7370	20473	1316	129
EP_A_PANA_GL_9022	3366	288	82
EP_A_GALA_MG_8972	30407	1049	359
EP_A_HEBE_MG_7359	14538	313	72
EP_A_JAVI_MG_8939	23390	5431	174
WA_A_BOUV_MG_7581	11227	730	263
WA_A_THOM_HP_7502	28291	1697	691
WA_A_THOM_ST_7540	5719	3565	1010
EP_A_HEBE_HP_8937	1093	1069	285
EP_A_FASC_HP_8618	15476	2936	372
EP_A_HEBE_HP_9349	8247	1813	367
EP_A_JAVI_HP_7270	6127	2680	723
EP_A_JAVI_MG_7281	32345	2772	3587
EP_A_JAVI_MG_7286	19632	340	232
WA_A_FORM_HP_7752	5931	1648	594
EP_A_FASC_HP_9104	6422	220	59
EP_A_FASC_MG_9107	25905	1251	327
EP_A_FASC_ST_9014	8712	2360	885
EP_A_HEBE_EG_9350	38832	2076	2681
EP_A_HEBE_GL_9350	23458	2517	1475
EP_A_HEBE_MG_8629	11454	89	25
EP_A_HEBE_MG_9350	15203	239	121
EP_A_HEBE_ST_8938	13377	12237	2448
EP_A_HEBE_ST_9349	2111	4037	1842
EP_A_JAVI_MG_8377	10068	756	117
EP_A_JAVI_ST_8360	10441	4039	484
EP_A_PANA_EG_8792	7941	860	165
EP_A_ROST_HP_9072	3920	520	47
EP_A_ROST_HP_9075	18660	2054	435
EP_A_ROST_HP_9076	21307	1759	389
EP_A_ROST_HP_9121	24853	1618	250
EP_A_ROST_HP_9122	4827	414	71
EP_A_ROST_MG_9072	6848	668	129
EP_A_ROST_MG_9073	9751	1048	222
EP_A_ROST_MG_9076	24303	3451	508
EP_A_ROST_MG_9115	28617	706	193
EP_A_ROST_ST_9072	5497	652	101
EP_A_ROST_ST_9074	2501	1277	277
EP_A_ROST_ST_9075	27023	5651	1547
EP_A_ROST_ST_9076	25623	1394	198
EP_A_ROST_ST_9121	19482	1087	210
EP_A_ROST_ST_9122	4772	1154	339
EP_A_ROST_ST_9194	4203	2107	511
EP_A_UMBO_GL_8669	8075	2407	287
EP_A_UMBO_HP_9266	4788	2054	369
EP_A_UMBO_MG_9126	1650	255	24
WA_A_BAHA_HP_7473	4130	3124	1093
WA_A_BAHA_MG_7473	18661	829	286
WA_A_BOUV_GL_7587	8944	4504	1163
WA_A_CRIS_GL_9461	11357	7118	329
WA_A_PARA_ST_9478	21234	21036	3803
WA_A_PCNS_HP_7506	14906	842	2887
WA_A_THOM_HP_7543	49667	5211	574
EP_A_JAVI_GL_8943	32090	14226	4883
WA_A_WEBS_ST_7507	15017	9577	2357
WA_A_BOUV_ST_7508	11842	11129	1000
EP_A_SAXI_EG_9261	20336	3539	1354
EP_A_AREN_EG_9196	2768	3197	557
EP_A_HEBE_MG_8938	23619	1537	233
EP_A_PANA_EG_9131	4254	1034	133
EP_A_PANA_EG_9339	1802	274	37
EP_A_PANA_GL_9338	10502	824	190
EP_A_SAXI_EG_9257	20409	1851	716
EP_A_SAXI_HP_9257	3161	1370	184
EP_A_SAXI_MG_9255	22478	242	323
EP_A_UMBO_GL_9126	1275	408	147
EP_A_UTRI_HP_9187	1770	3012	688
WA_A_BAHA_HP_7513	10840	1632	515
WA_A_BAHA_HP_7515	3404	3916	1051
WA_A_BAHA_ST_7654	6201	2932	1359
WA_A_BOUV_EG_7585	1890	392	47
WA_A_BOUV_MG_7509	12801	189	151
WA_A_BOUV_ST_7582	1645	918	377
WA_A_BOUV_ST_7586	10231	4168	886
WA_A_CRIS_EG_9461	10360	5743	570
WA_A_CRIS_GL_7497	13649	811	60
WA_A_CRIS_GL_7536	2584	745	380
WA_A_CRIS_GL_7538	2786	1436	372
WA_A_CRIS_GL_7636	26637	5402	136
WA_A_CRIS_GL_9471	12068	636	137
WA_A_CRIS_HP_7497	13949	4154	2064
WA_A_CRIS_HP_7625	10720	12107	3779
WA_A_CRIS_HP_9463	14265	4367	71
WA_A_CRIS_HP_9473	5704	1942	1454
WA_A_CRIS_HP_9510	8703	1977	252
WA_A_CRIS_ST_7497	1111	993	145
WA_A_CRIS_ST_7499	11583	11699	1633
WA_A_CRIS_ST_7625	9040	16040	4132
WA_A_CRIS_ST_9461	4337	3939	1477
WA_A_CRIS_ST_9471	958	1768	277
WA_A_CRIS_ST_9473	4735	2815	867
WA_A_CRIS_ST_9510	13169	1025	133
WA_A_FLOR_HP_9658	13068	10067	2216
WA_A_FLOR_HP_9663	7089	7029	2684
WA_A_FLOR_ST_9648	1712	2398	434
WA_A_FLOR_ST_9663	4157	5024	462
WA_A_FORM_HP_7402	20231	1968	245
WA_A_FORM_HP_7455	5513	94	15
WA_A_FORM_HP_7458	8602	2431	550
WA_A_FORM_HP_7550	22216	541	174
WA_A_FORM_MG_7455	9519	889	239
WA_A_FORM_ST_7456	9137	706	299
WA_A_FORM_ST_7658	5576	1056	40
WA_A_FORM_ST_7748	9090	1822	54
WA_A_NUTT_HP_9408	2136	97	41
WA_A_NUTT_MG_7525	4075	293	216
WA_A_PARA_HP_9486	42655	963	520
WA_A_PARA_ST_9364	2740	2008	486
WA_A_PARA_ST_9399	3399	2212	915
WA_A_PCWS_MG_7555	20421	2865	155
WA_A_PCWS_ST_7442	14061	2084	89
WA_A_SIMU_GL_7718	4327	1128	290
WA_A_SIMU_HP_7718	3666	2497	231
WA_A_SIMU_MG_7718	4142	1867	905
WA_A_THOM_GL_7420	10207	1937	444
WA_A_THOM_GL_7541	2226	279	118
WA_A_THOM_GL_9385	1166	122	41
WA_A_THOM_HP_7391	25030	474	159
WA_A_THOM_HP_7420	3833	166	70
WA_A_THOM_HP_9384	9849	1216	206
WA_A_THOM_HP_9385	1035	312	97
WA_A_THOM_MG_7420	15336	5449	1777
WA_A_THOM_MG_7480	1722	206	51
WA_A_THOM_ST_7541	10717	20290	3752
WA_A_THOM_ST_9384	10952	1023	42
WA_A_THOM_ST_9385	472	702	283
WA_A_THOM_ST_9387	9757	4848	5076
WA_A_VERR_GL_9611	11091	16356	4507
WA_A_VERR_HP_7606	5447	574	615
WA_A_VERR_HP_7607	2740	2331	655
WA_A_VERR_ST_7607	3374	2258	351
WA_A_VERR_ST_9611	22264	17972	2610
WA_A_WEBS_GL_9610	2228	695	439
WA_A_WEBS_HP_7731	8646	646	301
WA_A_WEBS_HP_9610	2924	2271	127
WA_A_WEBS_ST_7727	3574	568	112
WA_A_WEBS_ST_7731	5315	1276	150
WA_A_WEBS_ST_9609	1802	1637	284
WA_A_FORM_ST_7657	2446	503	20
WA_A_FORM_HP_7658	10616	3960	140
WA_A_FLOR_MG_7696	21475	11089	215
WA_A_FLOR_GL_9659	135	273	95
EP_A_FASC_MG_8996	10681	558	3619
EP_A_FASC_ST_9016	3358	1927	541
EP_A_HEBE_ST_8984	11349	13617	3232
EP_A_HEPH_GL_8925	8775	4233	458
EP_A_JAVI_HP_8360	12221	3082	817
EP_A_JAVI_ST_7280	4890	13178	2378
EP_A_JAVI_ST_7281	28188	11581	1629
EP_A_UTRI_ST_9068	2598	638	80
WA_A_BOUV_HP_7508	16890	835	158
WA_A_CRIS_GL_9467	30244	5166	1444
WA_A_CRIS_MG_7632	5601	2190	819
WA_A_FORM_MG_7675	11727	135	113
WA_A_PARA_MG_7706	2496	110	42
WA_A_PCNS_EG_9515	35996	13192	3438
WA_A_PCNS_GL_7601	17041	3291	1866
WA_A_PCNS_GL_7603	7594	1498	491
WA_A_PCNS_GL_9515	36209	7065	3198
WA_A_PCNS_HP_7601	38968	1638	740
WA_A_PCNS_HP_9443	18282	2980	4726
WA_A_PCNS_HP_9515	11615	3536	1397
WA_A_PCNS_MG_7603	7823	1196	1293
WA_A_PCNS_MG_7702	6502	1545	138
WA_A_PCNS_MG_9443	10623	153	31
WA_A_PCNS_ST_7554	2830	618	58
WA_A_PCNS_ST_7603	7224	2330	1007
WA_A_PCWS_EG_7450	1849	451	373
WA_A_PCWS_GL_7555	10377	1459	283
WA_A_PCWS_HP_7400	11476	4185	2656
WA_A_PCWS_HP_7410	2723	889	372
WA_A_PCWS_HP_9438	1825	106	35
WA_A_PCWS_ST_7444	16819	3883	672
WA_A_PCWS_ST_7559	16622	3675	1632
WA_A_THOM_HP_7544	17359	355	112
WA_A_WEBS_HP_7728	12350	2471	414
WA_A_WEBS_HP_7729	7719	689	123
WA_A_WEBS_MG_7728	33801	6001	345
WA_A_WEBS_MG_9411	1625	243	14
WA_A_WEBS_MG_9609	7237	1911	46
WA_A_WEBS_ST_7612	1104	129	24
WA_A_WEBS_ST_9411	597	639	127
EP_A_JAVI_GL_8360	36718	4319	1134
WA_A_CRIS_GL_9623	57742	1231	434
EP_A_FASC_MG_8989	16332	1319	97
EP_A_HEBE_GL_8984	18940	4404	2255
EP_A_HEBE_HP_9350	20115	2036	1263
EP_A_JAVI_MG_8940	6978	428	928
EP_A_ROST_HP_9124	8141	4188	99
WA_A_BOUV_HP_7584	12657	891	209
WA_A_BOUV_MG_7584	5963	593	188
WA_A_BOUV_ST_7587	4191	5249	929
EP_A_UTRI_ST_9133	3394	3333	657
WA_A_CRIS_ST_7500	5254	11717	1479
WA_A_FORM_GL_7751	4217	3729	950
WA_A_FORM_HP_7457	1648	59	9
WA_A_FORM_HP_7751	7361	512	32
WA_A_FORM_ST_7455	12803	234	39
WA_A_NUTT_EG_9410	1	15	33
WA_A_PARA_HP_9399	9073	316	46
WA_A_PCNS_HP_7399	9690	3754	1123
WA_A_PCNS_MG_7554	7675	213	44
WA_A_THOM_ST_7420	1842	71	23
WA_A_WEBS_MG_7726	36258	656	368
WA_A_PCWS_ST_7672	10522	12917	2081
EP_A_FASC_HP_9014	6660	2335	821
EP_A_FASC_MG_9014	6675	4709	76
EP_A_ROST_GL_9194	4131	878	116
EP_A_ROST_MG_9120	13590	2622	509
EP_A_ROST_MG_9121	19441	612	159
EP_A_UMBO_HP_9126	1254	168	52
WA_A_BAHA_MG_7654	12748	3728	512
WA_A_BOUV_MG_7588	14979	431	136
WA_A_PCNS_GL_9374	8438	2046	262
WA_A_PCNS_HP_9374	10398	1728	54
WA_A_PCNS_MG_7715	11196	2048	476
WA_A_PCNS_MG_9374	10433	1517	124
WA_A_PCNS_ST_7715	1471	2778	411
WA_A_PCNS_ST_9374	8416	5341	200
WA_A_PCWS_EG_7559	17478	4154	2776
WA_A_PCWS_GL_7442	15669	2194	431
WA_A_PCWS_GL_7444	12066	904	171
WA_A_PCWS_GL_7557	4821	2381	1396
WA_A_PCWS_GL_7559	16743	2031	895
WA_A_PCWS_GL_7672	4871	2026	396
WA_A_PCWS_GL_9438	1327	206	64
WA_A_PCWS_GL_9439	43025	4617	3174
WA_A_PCWS_HP_7555	13451	1825	313
WA_A_PCWS_HP_7556	9775	298	88
WA_A_PCWS_HP_9439	10872	1788	694
WA_A_PCWS_MG_7556	12624	1653	126
WA_A_PCWS_MG_7557	7005	471	44
WA_A_PCWS_MG_7558	19321	5841	141
WA_A_PCWS_MG_7559	8926	1794	32
WA_A_PCWS_MG_9438	1994	232	18
WA_A_PCWS_ST_7400	21058	2228	673
WA_A_PCWS_ST_7441	19739	6620	1225
WA_A_PCWS_ST_7443	2265	1070	199
WA_A_PCWS_ST_7555	11004	5377	841
WA_A_PCWS_ST_9438	463	993	120
WA_A_PCWS_ST_9439	8214	1366	269
WA_A_PCWS_ST_9440	2934	2191	417
WA_A_PCNS_HP_9519	9776	1764	776
WA_A_PCNS_MG_9519	1947	480	10
EP_A_HEBE_EG_9349	9746	1587	307
EP_A_HEBE_GL_9349	9954	969	238
EP_A_HEBE_HP_7358	13926	5492	1098
EP_A_HEBE_HP_8938	13592	9735	4080
EP_A_HEBE_HP_8987	11607	241	157
EP_A_HEBE_MG_8987	10745	4256	1540
EP_A_JAVI_GL_7280	22104	4265	944
EP_A_JAVI_GL_7286	8185	2683	901
EP_A_JAVI_HP_7280	3538	2173	1285
EP_A_JAVI_HP_8943	6074	4468	2002
EP_A_JAVI_MG_7304	26571	2068	260
EP_A_JAVI_MG_8943	15398	708	47
EP_A_UTRI_GL_9187	5051	495	111
EP_A_UTRI_MG_9068	1247	2064	405
EP_A_UTRI_ST_9187	4228	2259	519
WA_A_BOUV_GL_7580	893	355	171
WA_A_BOUV_HP_7587	3744	1307	464
WA_A_BOUV_MG_7508	8180	118	81
WA_A_BOUV_MG_7580	7216	1471	708
WA_A_BOUV_ST_7588	7775	14312	1708
WA_A_BOUV_ST_7645	5562	3861	1458
EP_A_HEBE_MG_8983	7425	130	124
EP_A_FASC_GL_8992	3121	901	467
EP_A_FASC_MG_8991	3449	4132	61
EP_A_ROST_HP_9120	4761	1883	154
EP_A_ROST_ST_9120	7440	10548	3221
WA_A_CRIS_EG_9473	2078	115	49
WA_A_CRIS_GL_7632	7021	994	92
WA_A_CRIS_GL_9621	16893	402	130
WA_A_CRIS_HP_7499	15148	18359	3765
WA_A_CRIS_HP_7632	5530	2625	1082
WA_A_CRIS_ST_7536	1268	1505	625
WA_A_CRIS_ST_7632	5637	2890	702
WA_A_CRIS_ST_9467	3958	28187	4538
WA_A_CRIS_ST_9623	2717	3170	954
WA_A_PCNS_GL_9513	7990	1614	603
WA_A_PCNS_HP_9513	683	300	302
WA_A_PCWS_EG_9438	884	229	68
WA_A_CRIS_GL_9624	115	47	34
WA_A_FORM_ST_7402	14600	1418	430
WA_A_THOM_HP_9389	8340	171	53
WA_A_THOM_ST_9389	102	59	36
EP_A_MILL_HP_7336	3085	698	374
WA_A_BOUV_HP_7646	23903	6238	2552
WA_A_BOUV_MG_7585	7322	80	14
WA_A_CRIS_HP_7536	780	20	9
WA_A_CRIS_HP_9624	2096	1502	359
WA_A_CRIS_ST_7538	4766	6516	1889
WA_A_CRIS_ST_9621	6419	9251	1166
WA_A_FLOR_EG_7685	893	2304	2892
WA_A_FLOR_GL_9433	16077	5540	591
WA_A_FORM_HP_7675	9602	206	112
WA_A_PCNS_GL_9442	2105	756	408
WA_A_PCNS_GL_9516	30251	11873	6165
WA_A_PCNS_HP_7445	10078	746	353
WA_A_PCNS_HP_7552	4618	2192	280
WA_A_PCNS_HP_7702	10624	2288	195
WA_A_PCNS_HP_7715	2278	1715	632
WA_A_PCNS_HP_9516	13625	4086	2484
WA_A_PCNS_ST_7445	1171	1378	334
WA_A_PCNS_ST_9516	20310	8339	3411
WA_A_PCWS_GL_9440	2197	454	124
WA_A_PCWS_HP_9440	4145	520	63
WA_A_PCWS_ST_7410	1703	2906	507
WA_A_SIMU_MG_7717	7464	2210	669
WA_A_PCWS_ST_7556	11559	116	27
WA_A_PCWS_HP_7450	9923	3067	2196
EP_A_HEPH_HP_8925	3216	2543	1685
WA_A_PCNS_HP_9442	3053	572	66
WA_A_PCNS_MG_7399	21664	6267	238
WA_A_PCNS_MG_7601	34935	828	1710
WA_A_PCNS_MG_7604	9974	249	207
WA_A_PCNS_MG_9442	6317	499	71
WA_A_PCNS_ST_9443	22176	15013	3982
WA_A_WEBS_EG_9610	1801	122	32
WA_A_PCNS_HP_7604	2843	602	339
WA_A_FLOR_GL_7685	1283	513	59
WA_A_PCNS_ST_9442	1912	1218	367
WA_A_PCWS_MG_7410	16905	477	86
WA_A_NUTT_ST_9408	1040	80	50
WA_A_VERR_MG_9501	397	908	9
WA_A_NUTT_MG_7389	2710	117	7
WA_A_NUTT_MG_9408	1601	110	47
WA_A_PCNS_MG_7445	5932	88	21
WA_A_PCNS_MG_7552	4665	2248	45
WA_A_PCNS_MG_9513	522	15	4
EP_A_FASC_MG_8990	6161	234	505
EP_A_HEBE_ST_8937	324	400	58
EP_A_JAVI_MG_8981	9995	1084	238
WA_A_CRIS_ST_9624	8331	19036	3216
WA_A_PLAT_EG_9369	1340	869	2521
WA_A_BOUV_MG_7582	2465	29	5
