Sample_ID	input	remove_nc	nochim	no_contam
EP_A_AREN_EG_8651	16255	16254	14942	14942
EP_A_AREN_EG_8654	18611	18571	17423	17423
EP_A_AREN_EG_8698	13323	13308	12462	12462
EP_A_AREN_EG_9196	7292	7291	6526	6526
EP_A_AREN_GL_8465	8311	8304	7876	7876
EP_A_AREN_GL_8507	25279	25257	23687	23687
EP_A_AREN_GL_8508	8839	8834	8504	8503
EP_A_AREN_GL_8515	7110	7107	6624	6624
EP_A_AREN_GL_8520	9380	9289	8927	8925
EP_A_AREN_GL_8624	18586	18583	15693	15692
EP_A_AREN_GL_8625	32015	31988	30209	30209
EP_A_AREN_GL_8626	13402	13397	12488	12488
EP_A_AREN_GL_8627	8212	8211	7358	7358
EP_A_AREN_GL_8650	17780	17774	16517	16517
EP_A_AREN_GL_8651	13663	13661	12678	12678
EP_A_AREN_GL_8652	15996	15994	14356	14356
EP_A_AREN_GL_8654	233408	232982	221557	221543
EP_A_AREN_GL_8658	9296	9294	8746	8725
EP_A_AREN_GL_8697	22021	21989	20479	20479
EP_A_AREN_GL_8698	13971	13963	13733	13733
EP_A_AREN_GL_8699	17453	17452	16311	16311
EP_A_AREN_GL_9195	30422	30410	27716	27716
EP_A_AREN_GL_9196	5316	5315	4864	4864
EP_A_AREN_HP_8465	11299	11294	11123	11119
EP_A_AREN_HP_8507	23935	23509	23007	23007
EP_A_AREN_HP_8508	8520	8503	8306	8257
EP_A_AREN_HP_8515	16368	16279	16034	16034
EP_A_AREN_HP_8520	9912	9749	9645	9645
EP_A_AREN_HP_8624	14551	14550	12501	12501
EP_A_AREN_HP_8625	37204	37202	36192	36192
EP_A_AREN_HP_8626	23356	23303	22942	22942
EP_A_AREN_HP_8627	9252	9239	9020	9020
EP_A_AREN_HP_8650	19881	19841	19633	19633
EP_A_AREN_HP_8651	9534	9454	9292	9292
EP_A_AREN_HP_8652	11167	11153	10855	10855
EP_A_AREN_HP_8654	14299	14286	13987	13987
EP_A_AREN_HP_8658	7150	7002	6922	6922
EP_A_AREN_HP_8697	17022	16965	16913	16913
EP_A_AREN_HP_8698	182325	181909	175968	175948
EP_A_AREN_HP_8699	17967	17934	17451	17451
EP_A_AREN_HP_9195	40411	40300	39592	39592
EP_A_AREN_HP_9196	5545	5358	5206	5206
EP_A_AREN_MG_8465	6342	6337	6020	6016
EP_A_AREN_MG_8507	26127	25759	25322	25322
EP_A_AREN_MG_8508	12604	12547	12312	12312
EP_A_AREN_MG_8515	9968	9955	9693	9693
EP_A_AREN_MG_8520	13297	13088	12957	12957
EP_A_AREN_MG_8624	10627	10604	10384	10384
EP_A_AREN_MG_8625	25841	25841	25385	25385
EP_A_AREN_MG_8626	11635	11621	11359	11359
EP_A_AREN_MG_8627	7008	7004	6815	6815
EP_A_AREN_MG_8650	10705	10609	10517	10517
EP_A_AREN_MG_8651	11408	11396	11067	11067
EP_A_AREN_MG_8652	13424	13376	12957	12957
EP_A_AREN_MG_8654	8068	8063	7693	7693
EP_A_AREN_MG_8697	12426	12425	12292	12292
EP_A_AREN_MG_8698	6101	6079	6026	6022
EP_A_AREN_MG_8699	14023	14007	13418	13418
EP_A_AREN_MG_9195	17107	17097	16320	16320
EP_A_AREN_MG_9196	5550	5538	5242	5242
EP_A_AREN_ST_8465	6969	6968	6689	6689
EP_A_AREN_ST_8507	27570	27564	26685	26683
EP_A_AREN_ST_8508	10049	10046	9895	9895
EP_A_AREN_ST_8515	9693	9682	9505	9505
EP_A_AREN_ST_8520	14073	14072	13955	13955
EP_A_AREN_ST_8624	16302	16296	16024	16019
EP_A_AREN_ST_8625	17904	17904	17599	17599
EP_A_AREN_ST_8626	11674	11669	11059	11059
EP_A_AREN_ST_8627	3613	3610	3478	3478
EP_A_AREN_ST_8650	27947	27942	26940	26940
EP_A_AREN_ST_8651	4212	4212	4162	4162
EP_A_AREN_ST_8652	16699	16698	16188	16188
EP_A_AREN_ST_8654	16946	16903	15641	15641
EP_A_AREN_ST_8658	13910	13908	13702	13702
EP_A_AREN_ST_8697	15716	15706	14740	14740
EP_A_AREN_ST_8698	11537	11507	11063	11063
EP_A_AREN_ST_8699	9581	9581	9404	9404
EP_A_AREN_ST_9195	49996	49826	47402	47402
EP_A_AREN_ST_9196	6854	6702	6422	6422
EP_A_FASC_EG_8620	22720	22710	21710	21710
EP_A_FASC_EG_8989	19462	19457	18698	18698
EP_A_FASC_EG_8991	7465	7463	7063	7062
EP_A_FASC_EG_8993	26145	26101	25364	25359
EP_A_FASC_EG_9014	7021	7021	6237	6237
EP_A_FASC_EG_9016	7371	7367	6666	6666
EP_A_FASC_EG_9019	18630	18623	17051	17051
EP_A_FASC_EG_9051	15941	15898	15347	15347
EP_A_FASC_EG_9052	3335	3322	3029	3029
EP_A_FASC_EG_9053	11727	11724	10617	10617
EP_A_FASC_EG_9056	43308	43297	40364	40364
EP_A_FASC_EG_9057	17487	17479	16201	16201
EP_A_FASC_EG_9104	10307	10303	9799	9799
EP_A_FASC_GL_8614	60039	59539	59127	59127
EP_A_FASC_GL_8618	36276	36205	35341	35340
EP_A_FASC_GL_8620	35102	35042	33751	33751
EP_A_FASC_GL_8989	22039	22018	21480	21476
EP_A_FASC_GL_8990	7900	7877	7673	7673
EP_A_FASC_GL_8991	5878	5837	5686	5686
EP_A_FASC_GL_8992	4804	4492	4489	4489
EP_A_FASC_GL_8993	10104	9983	9935	9935
EP_A_FASC_GL_8996	16501	16474	15744	15744
EP_A_FASC_GL_9014	9114	9114	8160	8159
EP_A_FASC_GL_9016	5779	5729	5532	5532
EP_A_FASC_GL_9019	16368	16243	15792	15792
EP_A_FASC_GL_9020	18514	18507	16955	16955
EP_A_FASC_GL_9051	10982	10894	10438	10437
EP_A_FASC_GL_9052	4231	4164	3900	3898
EP_A_FASC_GL_9053	11961	11949	11468	11468
EP_A_FASC_GL_9056	38189	37932	36423	36423
EP_A_FASC_GL_9057	16534	16443	16022	16012
EP_A_FASC_GL_9104	8909	8760	8669	8669
EP_A_FASC_GL_9107	12907	12871	12706	12706
EP_A_FASC_HP_8614	78767	78748	78685	78685
EP_A_FASC_HP_8618	19425	19054	18839	18839
EP_A_FASC_HP_8620	41614	40810	39863	39863
EP_A_FASC_HP_8989	79405	79401	79353	79353
EP_A_FASC_HP_8990	7992	7961	7813	7813
EP_A_FASC_HP_8991	5905	5796	5725	5725
EP_A_FASC_HP_8992	26521	26466	25491	25491
EP_A_FASC_HP_8993	5155	5097	5035	5035
EP_A_FASC_HP_8996	18019	18004	17826	17825
EP_A_FASC_HP_9014	10082	9994	9816	9816
EP_A_FASC_HP_9016	9420	9279	9011	9011
EP_A_FASC_HP_9019	14815	14354	14291	14291
EP_A_FASC_HP_9020	25738	25729	25654	25654
EP_A_FASC_HP_9051	8024	7827	7748	7748
EP_A_FASC_HP_9052	3665	3621	3489	3489
EP_A_FASC_HP_9053	11756	11752	11632	11632
EP_A_FASC_HP_9056	33560	33240	32903	32903
EP_A_FASC_HP_9057	13988	13972	13655	13655
EP_A_FASC_HP_9104	6732	6730	6701	6701
EP_A_FASC_HP_9107	153775	146620	143423	143421
EP_A_FASC_MG_8614	54861	54861	52436	52436
EP_A_FASC_MG_8618	35315	35314	34103	34103
EP_A_FASC_MG_8620	39335	39335	38096	38096
EP_A_FASC_MG_8989	18041	18041	17751	17750
EP_A_FASC_MG_8990	7104	7104	6901	6901
EP_A_FASC_MG_8991	7811	7811	7642	7642
EP_A_FASC_MG_8992	21543	21543	21048	21048
EP_A_FASC_MG_8993	43323	43313	42023	42023
EP_A_FASC_MG_8996	15546	15545	14859	14859
EP_A_FASC_MG_9014	11573	11573	11460	11460
EP_A_FASC_MG_9016	7469	7469	7294	7294
EP_A_FASC_MG_9019	19320	19318	18831	18831
EP_A_FASC_MG_9020	24162	24162	23023	23023
EP_A_FASC_MG_9051	198809	198355	193832	193587
EP_A_FASC_MG_9052	4117	4116	4065	4065
EP_A_FASC_MG_9053	11545	11544	11276	11276
EP_A_FASC_MG_9056	31001	30999	30487	30487
EP_A_FASC_MG_9057	16999	16993	16779	16779
EP_A_FASC_MG_9104	12789	12788	12416	12416
EP_A_FASC_MG_9107	28147	28145	27483	27483
EP_A_FASC_ST_8614	47776	47766	46643	46643
EP_A_FASC_ST_8618	29946	29782	29364	29364
EP_A_FASC_ST_8620	33571	33471	32549	32549
EP_A_FASC_ST_8989	20695	20681	19614	19614
EP_A_FASC_ST_8990	6738	6735	6355	6347
EP_A_FASC_ST_8991	3870	3862	3781	3781
EP_A_FASC_ST_8992	57976	57710	55946	55945
EP_A_FASC_ST_8993	31474	31011	30619	30619
EP_A_FASC_ST_8996	24704	24670	23952	23939
EP_A_FASC_ST_9014	12208	12179	11957	11957
EP_A_FASC_ST_9016	6090	5924	5826	5826
EP_A_FASC_ST_9019	18422	18347	17800	17770
EP_A_FASC_ST_9020	55873	55833	55107	55107
EP_A_FASC_ST_9051	10090	10065	9893	9893
EP_A_FASC_ST_9052	2574	2572	2505	2505
EP_A_FASC_ST_9053	8500	8500	8270	8270
EP_A_FASC_ST_9057	17028	16998	16526	16526
EP_A_GALA_EG_7265	28452	28451	26299	26288
EP_A_GALA_EG_7367	24675	24672	22917	22762
EP_A_GALA_EG_7370	4331	4331	4153	4148
EP_A_GALA_EG_8970	21001	20999	19436	19436
EP_A_GALA_EG_8972	34802	34797	32802	32794
EP_A_GALA_EG_8978	30531	30503	29266	29266
EP_A_GALA_EG_8980	13360	13360	12250	12250
EP_A_GALA_EG_9164	23677	23634	22530	22520
EP_A_GALA_EG_9186	16164	16104	15070	15068
EP_A_GALA_GL_7265	27814	27720	26772	26764
EP_A_GALA_GL_7365	13195	13182	12531	12530
EP_A_GALA_GL_7366	19483	19474	18373	17615
EP_A_GALA_GL_7367	17554	17545	16343	16343
EP_A_GALA_GL_7368	17610	17608	16555	16553
EP_A_GALA_GL_7369	20690	20684	19265	18793
EP_A_GALA_GL_7370	25212	25209	23831	23826
EP_A_GALA_GL_8661	32152	32129	30016	30016
EP_A_GALA_GL_8970	32276	32273	30347	30347
EP_A_GALA_GL_8971	52231	52124	51409	51409
EP_A_GALA_GL_8972	36717	36712	33966	33959
EP_A_GALA_GL_8975	11856	11855	10794	10794
EP_A_GALA_GL_8978	19217	19163	17396	17396
EP_A_GALA_GL_8979	32213	32206	30351	30351
EP_A_GALA_GL_8980	15402	15402	14295	14295
EP_A_GALA_GL_9003	48190	48178	45408	45341
EP_A_GALA_GL_9079	15113	15093	14695	14695
EP_A_GALA_GL_9164	20173	20155	19790	19782
EP_A_GALA_GL_9186	23906	23805	22748	22740
EP_A_GALA_HP_7265	42855	42853	42610	42610
EP_A_GALA_HP_7365	25292	25292	25080	25080
EP_A_GALA_HP_7366	25756	25749	25718	25718
EP_A_GALA_HP_7367	22906	22904	22902	22902
EP_A_GALA_HP_7368	18924	18768	18625	18625
EP_A_GALA_HP_7369	24364	24364	24303	24303
EP_A_GALA_HP_7370	36513	36511	36490	36490
EP_A_GALA_HP_8661	37506	37468	35953	35953
EP_A_GALA_HP_8970	37958	37950	37738	37738
EP_A_GALA_HP_8971	32684	32683	32651	32651
EP_A_GALA_HP_8972	42284	42281	42069	42069
EP_A_GALA_HP_8975	6515	6510	6509	6509
EP_A_GALA_HP_8979	18266	18266	18265	18265
EP_A_GALA_HP_8980	11490	11486	11464	11464
EP_A_GALA_HP_9003	36064	35722	34803	34801
EP_A_GALA_HP_9164	12707	12707	12707	12707
EP_A_GALA_HP_9186	15579	15579	15579	15579
EP_A_GALA_MG_7265	48318	48318	45680	45680
EP_A_GALA_MG_7365	18649	18649	17627	17627
EP_A_GALA_MG_7366	18796	18796	18227	18227
EP_A_GALA_MG_7367	28312	28312	27082	27082
EP_A_GALA_MG_7368	25066	25065	24675	24675
EP_A_GALA_MG_7369	19121	19121	18716	18716
EP_A_GALA_MG_7370	16624	16624	16307	16307
EP_A_GALA_MG_8661	30339	30324	29201	29201
EP_A_GALA_MG_8970	49951	49951	48545	48545
EP_A_GALA_MG_8971	38912	38910	36802	36801
EP_A_GALA_MG_8972	32795	32795	31815	31815
EP_A_GALA_MG_8975	9047	9047	8812	8812
EP_A_GALA_MG_8978	39201	39199	37457	37457
EP_A_GALA_MG_8979	27820	27819	26855	26853
EP_A_GALA_MG_8980	14816	14816	14553	14553
EP_A_GALA_MG_9003	29570	29570	28449	28449
EP_A_GALA_MG_9079	12858	12858	12450	12448
EP_A_GALA_MG_9164	12108	12104	11687	11687
EP_A_GALA_MG_9186	16937	16932	15609	15609
EP_A_GALA_ST_7265	45952	45947	44563	44559
EP_A_GALA_ST_7365	22387	22387	21670	21670
EP_A_GALA_ST_7366	31174	31153	30534	30534
EP_A_GALA_ST_7367	20009	19998	19440	19434
EP_A_GALA_ST_7368	22743	22731	21739	21739
EP_A_GALA_ST_7369	32326	32315	31310	31307
EP_A_GALA_ST_7370	22107	22100	21919	21919
EP_A_GALA_ST_8661	31732	31731	29598	29598
EP_A_GALA_ST_8970	48156	48149	47679	47679
EP_A_GALA_ST_8971	23969	23965	23286	23286
EP_A_GALA_ST_8972	23619	23615	23308	23308
EP_A_GALA_ST_8975	10624	10617	10379	10379
EP_A_GALA_ST_8979	42511	42506	41457	41457
EP_A_GALA_ST_8980	16484	16482	15807	15807
EP_A_GALA_ST_9079	4146	4146	4099	4099
EP_A_GALA_ST_9164	15262	15260	15051	15051
EP_A_GALA_ST_9186	17613	17611	17120	17120
EP_A_HEBE_EG_7359	20515	20515	19042	19042
EP_A_HEBE_EG_8629	24477	24470	23216	23216
EP_A_HEBE_EG_8986	30121	29942	29493	29493
EP_A_HEBE_EG_9349	12552	12552	11640	11640
EP_A_HEBE_EG_9350	46433	46415	43813	43813
EP_A_HEBE_GL_7357	10904	10786	10651	10651
EP_A_HEBE_GL_7358	24194	23937	23420	23420
EP_A_HEBE_GL_7359	28005	27946	26976	26976
EP_A_HEBE_GL_7360	20187	20110	19723	19723
EP_A_HEBE_GL_8628	9862	9845	9479	9479
EP_A_HEBE_GL_8629	15140	15010	14865	14865
EP_A_HEBE_GL_8936	26261	26247	24725	24725
EP_A_HEBE_GL_8937	22327	22208	21537	21537
EP_A_HEBE_GL_8938	51632	51564	49016	49016
EP_A_HEBE_GL_8983	7434	7407	6979	6979
EP_A_HEBE_GL_8984	27471	25983	25599	25599
EP_A_HEBE_GL_8985	17983	17311	17183	17183
EP_A_HEBE_GL_8986	2330	2319	2296	2296
EP_A_HEBE_GL_8987	7934	7809	7731	7731
EP_A_HEBE_GL_9349	11610	11556	11181	11181
EP_A_HEBE_GL_9350	29889	29731	28248	28248
EP_A_HEBE_HP_7357	21857	21609	21463	21463
EP_A_HEBE_HP_7358	21026	20795	20651	20651
EP_A_HEBE_HP_7359	26722	26307	25818	25818
EP_A_HEBE_HP_7360	10709	10357	10285	10285
EP_A_HEBE_HP_8628	11621	11613	11481	11481
EP_A_HEBE_HP_8629	17117	17028	16861	16861
EP_A_HEBE_HP_8936	18601	18491	18215	18215
EP_A_HEBE_HP_8937	3124	2624	2623	2623
EP_A_HEBE_HP_8938	28137	27676	27539	27539
EP_A_HEBE_HP_8983	5518	5488	5431	5431
EP_A_HEBE_HP_8984	17881	17117	17059	17059
EP_A_HEBE_HP_8985	18090	17398	17227	17227
EP_A_HEBE_HP_8986	24360	23366	23195	22973
EP_A_HEBE_HP_8987	12076	12068	12005	12005
EP_A_HEBE_HP_9349	10773	10644	10432	10432
EP_A_HEBE_HP_9350	24017	23625	23486	23486
EP_A_HEBE_MG_7357	19540	19536	17949	17949
EP_A_HEBE_MG_7358	10955	10952	10760	10760
EP_A_HEBE_MG_7359	15141	15140	14924	14924
EP_A_HEBE_MG_7360	16640	16637	15410	15410
EP_A_HEBE_MG_8628	6154	6154	6103	6103
EP_A_HEBE_MG_8629	11627	11626	11568	11568
EP_A_HEBE_MG_8936	19762	19731	19319	19319
EP_A_HEBE_MG_8937	20470	20470	20453	20453
EP_A_HEBE_MG_8938	25604	25604	25412	25412
EP_A_HEBE_MG_8983	7728	7728	7682	7682
EP_A_HEBE_MG_8984	26758	26753	26590	26590
EP_A_HEBE_MG_8985	29073	29068	28879	28879
EP_A_HEBE_MG_8986	22738	22735	22470	22468
EP_A_HEBE_MG_8987	17132	17130	16541	16541
EP_A_HEBE_MG_9349	10006	10001	9883	9883
EP_A_HEBE_MG_9350	15630	15627	15577	15577
EP_A_HEBE_ST_7357	34315	34221	33846	33846
EP_A_HEBE_ST_7358	26108	26062	25343	25343
EP_A_HEBE_ST_7359	14744	14594	14359	14359
EP_A_HEBE_ST_7360	18075	18027	17466	17466
EP_A_HEBE_ST_8628	15051	14953	14567	14567
EP_A_HEBE_ST_8629	18420	18417	18333	18333
EP_A_HEBE_ST_8936	21359	21332	20333	20332
EP_A_HEBE_ST_8937	2211	2151	2143	2143
EP_A_HEBE_ST_8938	31109	29814	28487	28487
EP_A_HEBE_ST_8983	9127	9020	8459	8459
EP_A_HEBE_ST_8984	29366	29272	28379	28379
EP_A_HEBE_ST_8985	41915	41851	40700	40700
EP_A_HEBE_ST_8986	46084	45969	43859	43856
EP_A_HEBE_ST_8987	19209	19160	18564	18564
EP_A_HEBE_ST_9349	8327	8301	7993	7993
EP_A_HEPH_GL_8925	13942	13923	13477	13477
EP_A_HEPH_HP_8925	7558	7520	7481	7481
EP_A_HEPH_MG_8925	10490	10477	10085	10085
EP_A_HEPH_ST_8925	13981	13920	13436	13436
EP_A_HYEY_EG_8955	4599	4599	4360	4360
EP_A_HYEY_EG_8957	17760	17760	15747	15747
EP_A_HYEY_EG_8959	10571	10551	10234	10231
EP_A_HYEY_EG_8962	16465	16462	15489	15489
EP_A_HYEY_EG_9013	13594	13592	12551	12551
EP_A_HYEY_EG_9045	26189	26186	23126	23126
EP_A_HYEY_EG_9199	22805	22650	22111	22111
EP_A_HYEY_GL_8881	56453	56417	53020	53020
EP_A_HYEY_GL_8955	9620	9620	8872	8872
EP_A_HYEY_GL_8956	17069	17069	15551	15551
EP_A_HYEY_GL_8957	23328	23328	21107	21107
EP_A_HYEY_GL_8958	18453	18453	16522	16522
EP_A_HYEY_GL_8959	13691	13672	12644	12644
EP_A_HYEY_GL_8960	16022	15981	15520	15510
EP_A_HYEY_GL_8961	8883	8879	8525	8514
EP_A_HYEY_GL_8962	12512	12512	11179	11179
EP_A_HYEY_GL_8963	26314	26314	24384	24384
EP_A_HYEY_GL_8964	31886	31886	27554	27552
EP_A_HYEY_GL_9009	16471	16454	14935	14935
EP_A_HYEY_GL_9011	26076	26060	23243	23243
EP_A_HYEY_GL_9013	20035	20034	18732	18731
EP_A_HYEY_GL_9045	30704	30703	27093	27093
EP_A_HYEY_GL_9046	24308	24303	21641	21641
EP_A_HYEY_GL_9047	37489	37488	32130	32130
EP_A_HYEY_GL_9198	42071	42050	37433	37430
EP_A_HYEY_GL_9199	11607	11499	9667	9605
EP_A_HYEY_HP_8881	17484	17110	17031	17030
EP_A_HYEY_HP_8955	7109	7092	6945	6945
EP_A_HYEY_HP_8956	20591	20570	20178	20178
EP_A_HYEY_HP_8957	12432	12432	12154	12154
EP_A_HYEY_HP_8958	14327	14325	13801	13801
EP_A_HYEY_HP_8959	13561	13555	12981	12981
EP_A_HYEY_HP_8960	12547	12544	12398	12398
EP_A_HYEY_HP_8961	6555	6554	6448	6448
EP_A_HYEY_HP_8962	6388	6381	6195	6195
EP_A_HYEY_HP_8963	24168	24165	24013	24013
EP_A_HYEY_HP_8964	22368	22346	21700	21700
EP_A_HYEY_HP_9009	14566	14272	14140	14140
EP_A_HYEY_HP_9011	15880	15601	15482	15482
EP_A_HYEY_HP_9013	23976	23834	22505	22505
EP_A_HYEY_HP_9045	22302	22294	22285	22285
EP_A_HYEY_HP_9046	24432	24160	23791	23791
EP_A_HYEY_HP_9047	43257	43250	42129	42129
EP_A_HYEY_HP_9198	23534	23297	22940	22940
EP_A_HYEY_HP_9199	14237	13753	13730	13730
EP_A_HYEY_MG_8881	27843	27842	27387	27387
EP_A_HYEY_MG_8955	3063	3063	2989	2989
EP_A_HYEY_MG_8956	16833	16833	16219	16219
EP_A_HYEY_MG_8957	12865	12865	12457	12457
EP_A_HYEY_MG_8958	17163	17162	16815	16815
EP_A_HYEY_MG_8959	7826	7826	7659	7659
EP_A_HYEY_MG_8960	23574	23574	23394	23394
EP_A_HYEY_MG_8961	8767	8767	8291	8291
EP_A_HYEY_MG_8962	5839	5839	5665	5665
EP_A_HYEY_MG_8963	31262	31260	29601	29598
EP_A_HYEY_MG_8964	23234	23230	22327	22327
EP_A_HYEY_MG_9009	20304	20302	20009	20009
EP_A_HYEY_MG_9011	20235	20235	19932	19932
EP_A_HYEY_MG_9013	23552	23552	23408	23408
EP_A_HYEY_MG_9045	13560	13560	13154	13154
EP_A_HYEY_MG_9046	16819	16818	16549	16549
EP_A_HYEY_MG_9047	28923	28923	28214	28214
EP_A_HYEY_MG_9198	42755	42754	41783	41783
EP_A_HYEY_MG_9199	5124	5124	4916	4915
EP_A_HYEY_ST_8881	30562	30544	29474	29473
EP_A_HYEY_ST_8955	3878	3877	3714	3713
EP_A_HYEY_ST_8956	14754	14752	14222	14222
EP_A_HYEY_ST_8957	12981	12981	12690	12690
EP_A_HYEY_ST_8958	22300	22289	21596	21596
EP_A_HYEY_ST_8959	6353	6352	6178	6178
EP_A_HYEY_ST_8960	14821	14816	14446	14446
EP_A_HYEY_ST_8961	7491	7491	7227	7227
EP_A_HYEY_ST_8962	6855	6854	6409	6409
EP_A_HYEY_ST_8963	25088	25087	23640	23638
EP_A_HYEY_ST_8964	30298	30291	29251	29251
EP_A_HYEY_ST_9009	20948	20899	19799	19798
EP_A_HYEY_ST_9011	33891	33848	32217	32217
EP_A_HYEY_ST_9013	19083	19076	18252	18251
EP_A_HYEY_ST_9045	35880	35847	35185	35182
EP_A_HYEY_ST_9046	16749	16711	16119	16114
EP_A_HYEY_ST_9047	22899	22896	22165	22165
EP_A_HYEY_ST_9198	31980	31956	30663	30663
EP_A_HYEY_ST_9199	31650	31635	29827	29827
EP_A_JAVI_EG_7304	16944	16938	16530	16530
EP_A_JAVI_EG_7381	21858	21857	19992	19992
EP_A_JAVI_EG_8360	31737	31735	30293	30293
EP_A_JAVI_EG_8377	10862	10859	10192	10192
EP_A_JAVI_EG_8939	26902	26902	24931	24931
EP_A_JAVI_EG_8943	30272	30268	28358	28358
EP_A_JAVI_GL_7264	27003	26999	26065	26065
EP_A_JAVI_GL_7270	29225	29222	28829	28829
EP_A_JAVI_GL_7277	39451	39291	37368	37366
EP_A_JAVI_GL_7280	28363	28313	27313	27313
EP_A_JAVI_GL_7281	26777	26518	25939	25939
EP_A_JAVI_GL_7286	12523	11837	11769	11769
EP_A_JAVI_GL_7304	36011	35755	35225	35225
EP_A_JAVI_GL_7318	25138	25129	23981	23977
EP_A_JAVI_GL_7381	21144	21112	20591	20591
EP_A_JAVI_GL_8357	10882	10860	10154	10153
EP_A_JAVI_GL_8359	42699	42690	40370	40370
EP_A_JAVI_GL_8360	43563	43487	42171	42171
EP_A_JAVI_GL_8376	7523	7518	7239	7239
EP_A_JAVI_GL_8377	10691	10684	9883	9883
EP_A_JAVI_GL_8379	41952	41900	40971	40895
EP_A_JAVI_GL_8394	4800	4604	4592	4592
EP_A_JAVI_GL_8939	14884	14876	14331	14331
EP_A_JAVI_GL_8940	13631	13621	12759	12759
EP_A_JAVI_GL_8943	52965	51929	51199	51199
EP_A_JAVI_GL_8981	5302	5248	5200	5200
EP_A_JAVI_HP_7264	44878	44680	44021	44021
EP_A_JAVI_HP_7270	9901	9574	9530	9530
EP_A_JAVI_HP_7277	17695	17683	17226	17226
EP_A_JAVI_HP_7280	7660	7021	6996	6996
EP_A_JAVI_HP_7281	13611	12090	12064	12064
EP_A_JAVI_HP_7286	7311	6818	6797	6797
EP_A_JAVI_HP_7304	25219	24695	24511	24511
EP_A_JAVI_HP_7318	33215	32989	32303	32303
EP_A_JAVI_HP_7381	20676	19969	19740	19740
EP_A_JAVI_HP_8357	10132	10110	9723	9723
EP_A_JAVI_HP_8359	30411	30168	29826	29826
EP_A_JAVI_HP_8360	16405	16263	16129	16129
EP_A_JAVI_HP_8376	6377	6365	6312	6311
EP_A_JAVI_HP_8377	13771	13697	13494	13494
EP_A_JAVI_HP_8379	15516	14772	14710	14710
EP_A_JAVI_HP_8394	6145	5630	5607	5607
EP_A_JAVI_HP_8939	14562	14562	13675	13675
EP_A_JAVI_HP_8940	10525	10280	10141	10141
EP_A_JAVI_HP_8943	12986	12578	12562	12562
EP_A_JAVI_HP_8981	6714	6638	6620	6620
EP_A_JAVI_MG_7264	46698	46698	45960	45960
EP_A_JAVI_MG_7270	27366	27364	26603	26603
EP_A_JAVI_MG_7277	16218	16216	15457	15457
EP_A_JAVI_MG_7280	26334	26327	25392	25392
EP_A_JAVI_MG_7281	41630	41628	38722	38722
EP_A_JAVI_MG_7286	20260	20260	20204	20204
EP_A_JAVI_MG_7304	28980	28979	28903	28903
EP_A_JAVI_MG_7318	30307	30306	29243	29243
EP_A_JAVI_MG_7381	18496	18479	18058	18058
EP_A_JAVI_MG_8357	8939	8911	8696	8696
EP_A_JAVI_MG_8359	53455	53453	52567	52567
EP_A_JAVI_MG_8360	24621	24619	24415	24415
EP_A_JAVI_MG_8376	198916	197814	187623	187613
EP_A_JAVI_MG_8377	11296	11296	10941	10941
EP_A_JAVI_MG_8379	24538	24535	23968	23967
EP_A_JAVI_MG_8394	14801	14799	14440	14440
EP_A_JAVI_MG_8939	29025	29025	28997	28997
EP_A_JAVI_MG_8940	8542	8542	8334	8334
EP_A_JAVI_MG_8943	16250	16246	16153	16153
EP_A_JAVI_MG_8981	11780	11780	11318	11318
EP_A_JAVI_ST_7264	43111	43075	41777	41777
EP_A_JAVI_ST_7270	50285	50251	48877	48877
EP_A_JAVI_ST_7277	23190	23179	22398	22398
EP_A_JAVI_ST_7280	22014	21963	21453	21453
EP_A_JAVI_ST_7281	46004	45850	44824	44824
EP_A_JAVI_ST_7286	26333	26049	25732	25732
EP_A_JAVI_ST_7304	24235	24012	23729	23729
EP_A_JAVI_ST_7318	25171	25050	24806	24806
EP_A_JAVI_ST_7381	37230	37200	34993	34993
EP_A_JAVI_ST_8357	254836	253881	245672	245329
EP_A_JAVI_ST_8359	39026	38838	38155	38153
EP_A_JAVI_ST_8360	15590	15547	15027	15027
EP_A_JAVI_ST_8376	11141	11117	10952	10952
EP_A_JAVI_ST_8377	10744	10725	10438	10438
EP_A_JAVI_ST_8379	25278	25210	24370	24370
EP_A_JAVI_ST_8394	15117	15042	14735	14735
EP_A_JAVI_ST_8939	18917	18877	18192	18192
EP_A_JAVI_ST_8940	15425	15397	14943	14939
EP_A_JAVI_ST_8981	6333	6308	6203	6203
EP_A_MILL_EG_7336	10843	10672	10609	10609
EP_A_MILL_GL_7335	17157	17155	16225	16217
EP_A_MILL_GL_7336	11700	11657	11288	11288
EP_A_MILL_HP_7335	11855	11696	11569	11569
EP_A_MILL_HP_7336	4427	4221	4197	4197
EP_A_MILL_MG_7335	9276	9276	9134	9134
EP_A_MILL_MG_7336	7748	7747	7406	7406
EP_A_MILL_ST_7335	19719	19676	19047	19047
EP_A_MILL_ST_7336	19943	19908	19524	19524
EP_A_PANA_EG_7327	18311	18310	17547	17547
EP_A_PANA_EG_8353	12636	12633	11917	11916
EP_A_PANA_EG_8792	9234	9233	8968	8968
EP_A_PANA_EG_8948	12169	12169	11250	11250
EP_A_PANA_EG_8951	29239	29236	25842	25842
EP_A_PANA_EG_9021	30035	30014	27407	27407
EP_A_PANA_EG_9131	6015	6015	5421	5421
EP_A_PANA_EG_9264	18164	18162	15984	15984
EP_A_PANA_EG_9332	14585	14585	12904	12904
EP_A_PANA_EG_9338	11001	11001	9753	9752
EP_A_PANA_EG_9339	2291	2291	2113	2113
EP_A_PANA_GL_7322	15297	15287	14813	14811
EP_A_PANA_GL_7326	22781	22775	22299	22299
EP_A_PANA_GL_7327	17452	17432	16967	16967
EP_A_PANA_GL_7329	17278	17274	16249	16246
EP_A_PANA_GL_7330	13090	13089	12698	12697
EP_A_PANA_GL_7331	35954	35946	34118	34117
EP_A_PANA_GL_7332	22795	22790	21658	21658
EP_A_PANA_GL_8353	16103	16041	15659	15659
EP_A_PANA_GL_8792	11658	11646	11517	11517
EP_A_PANA_GL_8948	10613	10612	9996	9996
EP_A_PANA_GL_8951	23316	23316	21682	21682
EP_A_PANA_GL_8952	23367	23364	22215	22215
EP_A_PANA_GL_9021	23470	23434	22117	22117
EP_A_PANA_GL_9022	4044	4044	3736	3736
EP_A_PANA_GL_9131	10892	10890	9990	9990
EP_A_PANA_GL_9264	30237	30237	27918	27918
EP_A_PANA_GL_9332	21980	21980	20815	20815
EP_A_PANA_GL_9338	12361	12359	11516	11516
EP_A_PANA_GL_9339	2962	2962	2862	2862
EP_A_PANA_GL_9340	8872	8846	8294	8294
EP_A_PANA_HP_7322	24213	24213	24213	24213
EP_A_PANA_HP_7326	43798	43793	43755	43755
EP_A_PANA_HP_7327	31692	31691	31690	31690
EP_A_PANA_HP_7329	31619	31619	31601	31601
EP_A_PANA_HP_7330	19380	19371	19256	19256
EP_A_PANA_HP_7331	36805	36803	36578	36578
EP_A_PANA_HP_7332	39759	39756	38947	38947
EP_A_PANA_HP_7332M	18007	18006	17375	17373
EP_A_PANA_HP_8353	5879	5684	5606	5606
EP_A_PANA_HP_8792	12952	12674	12506	12506
EP_A_PANA_HP_8948	8923	8866	8688	8688
EP_A_PANA_HP_8951	3443	3440	3430	3430
EP_A_PANA_HP_9021	35252	35246	35083	35083
EP_A_PANA_HP_9022	4113	4113	4105	4105
EP_A_PANA_HP_9131	4783	4700	4625	4625
EP_A_PANA_HP_9264	19183	19182	19139	19139
EP_A_PANA_HP_9332	22279	22279	22022	22022
EP_A_PANA_HP_9338	10668	10664	10556	10556
EP_A_PANA_HP_9339	4191	4190	4155	4155
EP_A_PANA_HP_9340	6018	6014	5980	5980
EP_A_PANA_MG_7322	27888	27885	27017	27016
EP_A_PANA_MG_7326	30117	30108	28837	28837
EP_A_PANA_MG_7327	26646	26645	25976	25976
EP_A_PANA_MG_7329	8299	8299	8156	8156
EP_A_PANA_MG_7330	15440	15440	15140	15140
EP_A_PANA_MG_7331	27175	27173	26338	26338
EP_A_PANA_MG_8353	19713	19710	19510	19510
EP_A_PANA_MG_8792	15307	15286	14761	14761
EP_A_PANA_MG_8948	10931	10931	10696	10696
EP_A_PANA_MG_8951	41301	41292	39945	39944
EP_A_PANA_MG_8952	21255	21251	20797	20797
EP_A_PANA_MG_9021	35548	35547	34437	34437
EP_A_PANA_MG_9022	3777	3777	3709	3709
EP_A_PANA_MG_9131	5751	5751	5717	5716
EP_A_PANA_MG_9264	21160	21159	20384	20384
EP_A_PANA_MG_9332	21141	21140	20571	20571
EP_A_PANA_MG_9338	16374	16371	15608	15608
EP_A_PANA_MG_9339	3721	3721	3596	3596
EP_A_PANA_MG_9340	6045	6045	5914	5914
EP_A_PANA_ST_7322	28620	28615	28465	28465
EP_A_PANA_ST_7326	31838	31832	31292	31292
EP_A_PANA_ST_7327	22571	22562	22021	22021
EP_A_PANA_ST_7329	39667	39659	39292	39291
EP_A_PANA_ST_7330	28349	28345	26883	26883
EP_A_PANA_ST_7332	23538	23530	22779	22779
EP_A_PANA_ST_8353	16593	16542	16055	16054
EP_A_PANA_ST_8792	15115	15115	14636	14636
EP_A_PANA_ST_8948	9409	9399	8861	8861
EP_A_PANA_ST_8952	8323	8321	8231	8231
EP_A_PANA_ST_9022	5090	5078	5024	5024
EP_A_PANA_ST_9131	3867	3859	3752	3752
EP_A_PANA_ST_9264	14766	14762	13956	13956
EP_A_PANA_ST_9332	18546	18543	18090	18090
EP_A_PANA_ST_9338	15320	15318	14636	14636
EP_A_PANA_ST_9339	2440	2437	2385	2385
EP_A_PANA_ST_9340	5732	5729	5683	5683
EP_A_ROST_EG_9072	10936	10878	10411	10411
EP_A_ROST_EG_9073	16181	16154	15720	15720
EP_A_ROST_EG_9113	13371	13369	12827	12827
EP_A_ROST_EG_9119	18431	18403	17213	17213
EP_A_ROST_EG_9124	13078	13075	12435	12435
EP_A_ROST_GL_9072	3775	3628	3597	3597
EP_A_ROST_GL_9073	5927	5735	5683	5683
EP_A_ROST_GL_9074	8387	8368	8127	8127
EP_A_ROST_GL_9075	20044	19821	19453	19453
EP_A_ROST_GL_9076	30162	30057	29516	29516
EP_A_ROST_GL_9112	20742	20734	20110	20110
EP_A_ROST_GL_9113	17682	17642	17288	17288
EP_A_ROST_GL_9114	13896	13725	13531	13531
EP_A_ROST_GL_9115	20556	20346	20071	20071
EP_A_ROST_GL_9117	4454	4444	4253	4253
EP_A_ROST_GL_9118	22664	22629	22029	22029
EP_A_ROST_GL_9119	15167	15118	14745	14745
EP_A_ROST_GL_9120	56803	55531	53319	53319
EP_A_ROST_GL_9121	27420	27328	26706	26706
EP_A_ROST_GL_9122	7860	7806	7479	7479
EP_A_ROST_GL_9123	21086	20889	20074	20074
EP_A_ROST_GL_9124	18599	18590	18087	18087
EP_A_ROST_GL_9194	5307	5280	5125	5125
EP_A_ROST_HP_9072	4578	4566	4487	4487
EP_A_ROST_HP_9073	5904	5849	5745	5745
EP_A_ROST_HP_9074	6100	6061	5981	5981
EP_A_ROST_HP_9075	21574	21388	21152	21152
EP_A_ROST_HP_9076	23883	23852	23457	23457
EP_A_ROST_HP_9112	20816	20733	20555	20555
EP_A_ROST_HP_9113	14422	14419	14406	14406
EP_A_ROST_HP_9114	9275	9122	9057	9057
EP_A_ROST_HP_9115	15480	14486	14252	14252
EP_A_ROST_HP_9117	5987	5986	5950	5950
EP_A_ROST_HP_9118	18397	18335	18164	18164
EP_A_ROST_HP_9119	11502	11416	11200	11200
EP_A_ROST_HP_9120	7338	6805	6798	6798
EP_A_ROST_HP_9121	27020	26902	26721	26721
EP_A_ROST_HP_9122	5363	5357	5315	5315
EP_A_ROST_HP_9123	35399	35385	35065	35065
EP_A_ROST_HP_9124	12466	12463	12429	12429
EP_A_ROST_HP_9194	6839	6793	6701	6701
EP_A_ROST_MG_9072	7716	7713	7647	7646
EP_A_ROST_MG_9073	11307	11299	11023	11023
EP_A_ROST_MG_9074	7932	7932	7799	7799
EP_A_ROST_MG_9075	2491	2410	2401	2401
EP_A_ROST_MG_9076	28800	28501	28262	28262
EP_A_ROST_MG_9112	18416	18408	17646	17646
EP_A_ROST_MG_9113	19545	19545	19108	19108
EP_A_ROST_MG_9114	15186	14834	14683	14683
EP_A_ROST_MG_9115	29967	29967	29516	29516
EP_A_ROST_MG_9117	7747	7743	7609	7609
EP_A_ROST_MG_9118	19605	19601	19202	19202
EP_A_ROST_MG_9119	12843	12825	12546	12546
EP_A_ROST_MG_9120	17948	17923	16785	16785
EP_A_ROST_MG_9121	20619	20303	20212	20212
EP_A_ROST_MG_9122	8693	8671	8261	8261
EP_A_ROST_MG_9123	24787	24568	24433	24433
EP_A_ROST_MG_9124	14929	14929	14775	14775
EP_A_ROST_MG_9194	6183	6176	6082	6082
EP_A_ROST_ST_9072	6447	6439	6250	6250
EP_A_ROST_ST_9073	12407	12334	12106	12106
EP_A_ROST_ST_9074	4128	4094	4059	4057
EP_A_ROST_ST_9075	35550	34997	34269	34268
EP_A_ROST_ST_9076	27531	27526	27215	27215
EP_A_ROST_ST_9112	19404	19380	18944	18944
EP_A_ROST_ST_9114	8716	8616	8457	8456
EP_A_ROST_ST_9117	6099	6099	6003	6003
EP_A_ROST_ST_9118	21710	21638	21132	21132
EP_A_ROST_ST_9119	11028	11018	10744	10744
EP_A_ROST_ST_9120	23715	23362	22760	22713
EP_A_ROST_ST_9121	21146	21085	20779	20779
EP_A_ROST_ST_9122	6503	6474	6274	6274
EP_A_ROST_ST_9123	32084	31987	31186	31151
EP_A_ROST_ST_9124	14613	14608	14130	14130
EP_A_ROST_ST_9194	7199	7179	6827	6827
EP_A_SAXI_EG_8612	27461	27443	25333	25333
EP_A_SAXI_EG_8673	27562	27546	26468	26468
EP_A_SAXI_EG_8686	19237	19168	18361	18361
EP_A_SAXI_EG_9233	25229	25225	22442	22442
EP_A_SAXI_EG_9239	4707	4707	4251	4251
EP_A_SAXI_EG_9241	30979	30972	28120	28120
EP_A_SAXI_EG_9243	36657	36624	33985	33985
EP_A_SAXI_EG_9245	14006	14006	12656	12656
EP_A_SAXI_EG_9248	7239	7239	6560	6560
EP_A_SAXI_EG_9249	47252	47250	43225	43225
EP_A_SAXI_EG_9250	26532	26523	24234	24234
EP_A_SAXI_EG_9253	29390	29384	25705	25705
EP_A_SAXI_EG_9255	32090	32089	28267	28267
EP_A_SAXI_EG_9257	26730	26726	22977	22977
EP_A_SAXI_EG_9261	26084	25941	25504	25504
EP_A_SAXI_EG_9263	3855	3854	3517	3517
EP_A_SAXI_GL_8497	33629	33579	32646	32646
EP_A_SAXI_GL_8612	26222	26207	23721	23721
EP_A_SAXI_GL_8673	37385	37355	35207	35207
EP_A_SAXI_GL_8678	12287	12277	11611	11611
EP_A_SAXI_GL_8686	24403	24397	22973	22973
EP_A_SAXI_GL_9233	38787	38758	36179	36179
EP_A_SAXI_GL_9239	5156	5156	4741	4741
EP_A_SAXI_GL_9241	21256	21246	20641	20641
EP_A_SAXI_GL_9243	18917	18914	18164	18164
EP_A_SAXI_GL_9245	20827	20827	20021	20021
EP_A_SAXI_GL_9247	41783	41780	36573	36573
EP_A_SAXI_GL_9248	9321	9320	8764	8764
EP_A_SAXI_GL_9249	21606	21573	20835	20835
EP_A_SAXI_GL_9250	26325	26324	26024	26024
EP_A_SAXI_GL_9253	33875	33866	31965	31965
EP_A_SAXI_GL_9255	29476	29476	26440	26440
EP_A_SAXI_GL_9257	30401	30400	26849	26849
EP_A_SAXI_GL_9259	32751	32746	28397	28396
EP_A_SAXI_GL_9261	27247	26480	26082	26082
EP_A_SAXI_GL_9263	3346	3344	3231	3231
EP_A_SAXI_HP_8497	48291	48290	48290	48290
EP_A_SAXI_HP_8612	15691	15691	14854	14854
EP_A_SAXI_HP_8673	41397	41366	40987	40987
EP_A_SAXI_HP_8678	45057	45053	45047	45047
EP_A_SAXI_HP_8686	34134	34134	33464	33464
EP_A_SAXI_HP_9233	8704	8702	8684	8684
EP_A_SAXI_HP_9239	3730	3643	3618	3618
EP_A_SAXI_HP_9241	26421	26396	25519	25519
EP_A_SAXI_HP_9243	5647	5196	5185	5185
EP_A_SAXI_HP_9245	17882	17878	17202	17202
EP_A_SAXI_HP_9247	9561	9262	9221	9221
EP_A_SAXI_HP_9248	6606	6520	6322	6322
EP_A_SAXI_HP_9250	5280	5013	5006	5006
EP_A_SAXI_HP_9253	8561	8126	8116	8116
EP_A_SAXI_HP_9255	14758	14546	14404	14404
EP_A_SAXI_HP_9257	5053	4728	4724	4724
EP_A_SAXI_HP_9259	15417	15343	15044	15044
EP_A_SAXI_HP_9261	10622	10303	10212	10212
EP_A_SAXI_HP_9263	2094	2019	1983	1983
EP_A_SAXI_MG_8497	32639	32622	32528	32528
EP_A_SAXI_MG_8673	22473	22450	21851	21851
EP_A_SAXI_MG_8686	30784	30784	29913	29913
EP_A_SAXI_MG_9233	37513	37512	36195	36194
EP_A_SAXI_MG_9239	5297	5211	5173	5173
EP_A_SAXI_MG_9241	32082	31970	30714	30713
EP_A_SAXI_MG_9243	23450	23372	22010	22010
EP_A_SAXI_MG_9245	16450	16392	15914	15914
EP_A_SAXI_MG_9247	39743	39696	38294	38293
EP_A_SAXI_MG_9248	3418	3418	3189	3188
EP_A_SAXI_MG_9249	19965	19849	19377	19377
EP_A_SAXI_MG_9253	28485	28337	27466	27466
EP_A_SAXI_MG_9255	23286	23279	23044	23044
EP_A_SAXI_MG_9257	24033	24026	22501	22485
EP_A_SAXI_MG_9261	24377	24184	23589	23567
EP_A_SAXI_MG_9263	3108	3102	2967	2967
EP_A_UMBO_EG_8669	17409	17407	16596	16596
EP_A_UMBO_EG_9126	1674	1674	1598	1598
EP_A_UMBO_GL_8669	11361	11341	10769	10769
EP_A_UMBO_GL_8670	7899	7886	7395	7372
EP_A_UMBO_GL_8671	14240	14238	13190	13190
EP_A_UMBO_GL_8691	9610	9607	9014	9014
EP_A_UMBO_GL_8692	19049	19001	18346	18346
EP_A_UMBO_GL_8693	23181	23121	22050	22050
EP_A_UMBO_GL_9126	1903	1903	1830	1830
EP_A_UMBO_GL_9127	63323	63259	60940	60940
EP_A_UMBO_GL_9266	9073	9028	8399	8399
EP_A_UMBO_HP_8669	13688	13666	13396	13396
EP_A_UMBO_HP_8670	6005	5886	5830	5830
EP_A_UMBO_HP_8671	8814	8810	8734	8734
EP_A_UMBO_HP_8691	9875	9863	9187	9187
EP_A_UMBO_HP_8692	13318	13203	12902	12902
EP_A_UMBO_HP_8693	18548	18529	18218	18218
EP_A_UMBO_HP_9126	1493	1493	1474	1474
EP_A_UMBO_HP_9127	29991	29944	29418	29418
EP_A_UMBO_HP_9266	7598	7549	7249	7249
EP_A_UMBO_MG_8669	10830	10828	10413	10413
EP_A_UMBO_MG_8670	10906	10894	10701	10701
EP_A_UMBO_MG_8671	12914	12907	11807	11807
EP_A_UMBO_MG_8691	205180	204972	196110	196106
EP_A_UMBO_MG_8692	14975	14947	14743	14743
EP_A_UMBO_MG_8693	18292	18283	17251	17251
EP_A_UMBO_MG_9126	1939	1939	1929	1929
EP_A_UMBO_MG_9127	26761	26755	26092	26092
EP_A_UMBO_MG_9266	8941	8940	8794	8794
EP_A_UMBO_ST_8669	25840	25826	25013	25011
EP_A_UMBO_ST_8670	9284	9271	8858	8858
EP_A_UMBO_ST_8671	7067	7066	6875	6875
EP_A_UMBO_ST_8691	8578	8574	8312	8312
EP_A_UMBO_ST_8692	18010	17938	17386	17386
EP_A_UMBO_ST_8693	29612	29600	29064	29064
EP_A_UMBO_ST_9126	2248	2248	2231	2231
EP_A_UMBO_ST_9127	28785	28782	28479	28479
EP_A_UMBO_ST_9266	11394	11393	10540	10540
EP_A_UTRI_EG_8448	38731	38699	36616	36611
EP_A_UTRI_EG_9067	26107	26107	23219	23219
EP_A_UTRI_EG_9070	15331	15321	13842	13842
EP_A_UTRI_EG_9188	11622	11599	10930	10898
EP_A_UTRI_EG_9268	34528	34528	30467	30466
EP_A_UTRI_GL_8447	19166	19165	18196	18194
EP_A_UTRI_GL_8448	35118	35011	33501	33490
EP_A_UTRI_GL_8483	11914	11902	11491	11491
EP_A_UTRI_GL_8916	5189	5165	4943	4943
EP_A_UTRI_GL_9067	34137	34119	31840	31840
EP_A_UTRI_GL_9068	5176	5173	4885	4885
EP_A_UTRI_GL_9069	27549	27529	25567	25567
EP_A_UTRI_GL_9070	8931	8888	8135	8135
EP_A_UTRI_GL_9071	8884	8877	8406	8406
EP_A_UTRI_GL_9133	7677	7660	7257	7257
EP_A_UTRI_GL_9134	5483	5476	5202	5202
EP_A_UTRI_GL_9135	7034	7025	6710	6710
EP_A_UTRI_GL_9187	5980	5980	5664	5661
EP_A_UTRI_GL_9188	18146	18143	16934	16763
EP_A_UTRI_GL_9267	19406	19384	18617	18617
EP_A_UTRI_GL_9268	29275	29270	26744	26739
EP_A_UTRI_GL_9269	5605	5602	5213	5213
EP_A_UTRI_GL_9270	13863	13846	13561	13561
EP_A_UTRI_GL_9271	7893	7892	7258	7258
EP_A_UTRI_GL_9272	26496	26457	24857	24851
EP_A_UTRI_HP_8447	32944	32909	32514	32514
EP_A_UTRI_HP_8448	30521	29903	29309	29309
EP_A_UTRI_HP_8483	11103	11067	10769	10769
EP_A_UTRI_HP_8916	18396	18284	17532	17532
EP_A_UTRI_HP_9067	33135	33117	32369	32369
EP_A_UTRI_HP_9068	4329	4317	4107	4107
EP_A_UTRI_HP_9069	22629	22580	21990	21990
EP_A_UTRI_HP_9070	8533	8330	8202	8202
EP_A_UTRI_HP_9071	9196	9119	8926	8926
EP_A_UTRI_HP_9133	7335	7318	7013	7013
EP_A_UTRI_HP_9134	9803	9686	9335	9335
EP_A_UTRI_HP_9135	5419	5259	5052	5052
EP_A_UTRI_HP_9187	5771	5740	5597	5492
EP_A_UTRI_HP_9188	18243	18204	17675	17579
EP_A_UTRI_HP_9267	31381	31273	29866	29866
EP_A_UTRI_HP_9268	38915	38827	37732	37732
EP_A_UTRI_HP_9269	7281	7273	6962	6962
EP_A_UTRI_HP_9270	13038	13028	12865	12865
EP_A_UTRI_HP_9271	5756	5654	5486	5486
EP_A_UTRI_HP_9272	35383	35153	34788	34788
EP_A_UTRI_MG_8447	22956	22954	21619	21619
EP_A_UTRI_MG_8448	41305	41281	39855	39855
EP_A_UTRI_MG_8483	13059	13057	12687	12687
EP_A_UTRI_MG_8916	9324	9203	9140	9140
EP_A_UTRI_MG_9067	33434	33398	32328	32328
EP_A_UTRI_MG_9068	3885	3874	3716	3716
EP_A_UTRI_MG_9069	12079	12068	11285	11285
EP_A_UTRI_MG_9070	11287	11204	10776	10776
EP_A_UTRI_MG_9071	2126	2124	2036	2036
EP_A_UTRI_MG_9133	5374	5272	5164	5164
EP_A_UTRI_MG_9134	6732	6724	6442	6442
EP_A_UTRI_MG_9135	7749	7716	7516	7511
EP_A_UTRI_MG_9187	6850	6701	6443	6386
EP_A_UTRI_MG_9188	16981	16971	16179	16163
EP_A_UTRI_MG_9267	21789	21711	20457	20450
EP_A_UTRI_MG_9268	27699	27694	27100	27100
EP_A_UTRI_MG_9269	7839	7829	7317	7317
EP_A_UTRI_MG_9270	14474	14468	14152	14152
EP_A_UTRI_MG_9271	7395	7388	6868	6867
EP_A_UTRI_ST_8447	33063	33056	31897	31892
EP_A_UTRI_ST_8448	32384	32111	30989	30989
EP_A_UTRI_ST_8483	182609	182354	175425	175385
EP_A_UTRI_ST_9067	41166	41125	39288	39281
EP_A_UTRI_ST_9068	3456	3455	3316	3316
EP_A_UTRI_ST_9069	15380	15347	14667	14667
EP_A_UTRI_ST_9070	13207	13113	12378	12376
EP_A_UTRI_ST_9071	1758	1754	1676	1676
EP_A_UTRI_ST_9133	7776	7770	7567	7567
EP_A_UTRI_ST_9135	5824	5756	5602	5602
EP_A_UTRI_ST_9187	7643	7642	7067	7056
EP_A_UTRI_ST_9188	14132	14128	13318	13301
EP_A_UTRI_ST_9267	7711	7692	7261	7261
EP_A_UTRI_ST_9269	8757	8726	8086	8086
EP_A_UTRI_ST_9270	16899	16889	16051	16051
EP_A_UTRI_ST_9271	6126	6088	5761	5756
EP_A_UTRI_ST_9272	19452	19427	18511	18510
EP_E_SAMP_MD_9290	9923	9923	8928	8919
EP_E_SAMP_MD_9291	11095	11095	9949	9934
EP_E_SAMP_MD_9292	32069	32067	28697	28649
EP_E_SAMP_MD_9293	6443	6443	5900	5893
EP_E_SAMP_MD_9294	25667	25667	22832	22789
EP_E_SAMP_RB_9295	16086	16085	14325	14322
EP_E_SAMP_RB_9296	11365	11365	10142	10139
EP_E_SAMP_RB_9297	33766	33765	29259	29251
EP_E_SAMP_RB_9298	45820	45820	40454	40446
EP_E_SAMP_RB_9299	44473	44472	39640	39626
EP_E_SAMP_RB_scrap1	29178	29177	26257	26256
EP_E_SAMP_RB_scrap2	12854	12854	12530	12530
EP_E_SAMP_RB_scrap3	48748	48748	44043	44038
EP_E_SAMP_RB_scrap4	39997	39997	35418	35411
EP_E_SAMP_SD_9285	19366	19363	16912	16908
EP_E_SAMP_SD_9286	15236	15232	13448	13435
EP_E_SAMP_SD_9287	39369	39364	34827	34811
EP_E_SAMP_SD_9288	43660	43659	38475	38462
EP_E_SAMP_SD_9289	19709	19705	18228	18205
EP_E_SAMP_SD_sed	14643	14643	13124	13114
EP_E_SAMP_WT_2977	59081	59078	53870	53870
EP_E_SAMP_WT_2985	58626	58626	54023	54023
EP_E_SAMP_WT_2989	59226	59226	53907	53900
EP_E_SAMP_WT_2995	63924	63923	59003	59000
EP_E_SAMP_WT_2999	48321	48320	44171	44163
EP_E_SAMP_WT_3006	61724	61722	56694	56694
EP_E_SAMP_WT_3007	46051	46050	42226	42224
EP_E_SAMP_WT_3014	52889	52889	49078	49077
EP_UNKN_EG_8158	54689	54670	49180	49180
EP_UNKN_GL_8158	34842	34819	30798	30798
EP_UNKN_HP_8158	50600	50577	50033	50033
EP_UNKN_MG_8158	38748	38597	37685	37685
EP_UNKN_ST_8158	37662	37638	36297	36297
WA_A_BAHA_EG_7652	20524	20522	19053	19053
WA_A_BAHA_EG_7654	14248	14246	13357	13357
WA_A_BAHA_EG_7656	5819	5815	5451	5451
WA_A_BAHA_GL_7470	7247	7237	6786	6786
WA_A_BAHA_GL_7471	78073	76386	75599	75599
WA_A_BAHA_GL_7472	33678	33672	31793	31793
WA_A_BAHA_GL_7473	19732	19595	19305	19304
WA_A_BAHA_GL_7474	865	854	832	832
WA_A_BAHA_GL_7475	8620	8615	8485	8485
WA_A_BAHA_GL_7476	18699	18681	17516	17516
WA_A_BAHA_GL_7477	26628	26580	25076	25076
WA_A_BAHA_GL_7478	26312	26264	25418	25418
WA_A_BAHA_GL_7501	13798	13750	13031	13031
WA_A_BAHA_GL_7513	16593	16582	15710	15710
WA_A_BAHA_GL_7514	14332	14330	13505	13505
WA_A_BAHA_GL_7515	14817	14784	14062	14060
WA_A_BAHA_GL_7516	84947	84877	81262	81262
WA_A_BAHA_GL_7650	7297	7205	7109	7109
WA_A_BAHA_GL_7652	10525	10472	10158	10158
WA_A_BAHA_GL_7654	12812	12799	12147	12147
WA_A_BAHA_GL_7656	10569	10524	9944	9944
WA_A_BAHA_HP_7470	18785	18618	18199	18199
WA_A_BAHA_HP_7471	50355	49844	49662	49662
WA_A_BAHA_HP_7472	16976	16364	16271	16271
WA_A_BAHA_HP_7473	8931	8390	8347	8347
WA_A_BAHA_HP_7474	6586	6408	6326	6326
WA_A_BAHA_HP_7475	17704	17352	17142	17142
WA_A_BAHA_HP_7476	17779	16940	16355	16355
WA_A_BAHA_HP_7477	21801	21674	21196	21196
WA_A_BAHA_HP_7478	25944	25147	25004	25004
WA_A_BAHA_HP_7501	16589	16476	16216	16126
WA_A_BAHA_HP_7513	13241	13167	12987	12987
WA_A_BAHA_HP_7514	5595	5572	5496	5496
WA_A_BAHA_HP_7515	8660	8424	8371	8371
WA_A_BAHA_HP_7516	26164	25401	25316	25316
WA_A_BAHA_HP_7650	10370	10071	9742	9742
WA_A_BAHA_HP_7652	5440	5397	5348	5348
WA_A_BAHA_HP_7654	7891	7884	7768	7768
WA_A_BAHA_HP_7656	6833	6819	6755	6743
WA_A_BAHA_MG_7470	53772	53759	51553	51553
WA_A_BAHA_MG_7471	6663	6659	6382	6382
WA_A_BAHA_MG_7472	19598	19597	19235	19235
WA_A_BAHA_MG_7473	20280	20279	19776	19776
WA_A_BAHA_MG_7474	12206	12177	11016	11016
WA_A_BAHA_MG_7475	43990	43988	42428	42428
WA_A_BAHA_MG_7476	8544	8537	8254	8254
WA_A_BAHA_MG_7477	24163	24163	23402	23402
WA_A_BAHA_MG_7478	4167	4167	4027	4027
WA_A_BAHA_MG_7501	14253	14252	14137	14137
WA_A_BAHA_MG_7513	18437	18434	17986	17986
WA_A_BAHA_MG_7514	6473	6472	6371	6371
WA_A_BAHA_MG_7515	20083	20082	19109	19109
WA_A_BAHA_MG_7516	66168	66168	65984	65984
WA_A_BAHA_MG_7650	7321	7028	6529	6529
WA_A_BAHA_MG_7652	10684	10682	10317	10317
WA_A_BAHA_MG_7654	17479	17475	16988	16988
WA_A_BAHA_MG_7656	4813	4764	4710	4710
WA_A_BAHA_ST_7470	38608	38321	37523	37523
WA_A_BAHA_ST_7471	8589	8570	8252	8252
WA_A_BAHA_ST_7472	21753	21744	21530	21530
WA_A_BAHA_ST_7473	29061	28707	27576	27576
WA_A_BAHA_ST_7474	8460	8309	8119	8119
WA_A_BAHA_ST_7475	46319	45976	44907	44904
WA_A_BAHA_ST_7476	9447	9440	9194	9194
WA_A_BAHA_ST_7477	26451	26434	25463	25443
WA_A_BAHA_ST_7478	2837	2806	2776	2776
WA_A_BAHA_ST_7501	8683	8666	8383	8383
WA_A_BAHA_ST_7513	4168	4159	4012	4012
WA_A_BAHA_ST_7514	16472	16438	15959	15959
WA_A_BAHA_ST_7515	12509	12191	12059	12059
WA_A_BAHA_ST_7516	40512	40441	39805	39805
WA_A_BAHA_ST_7650	13038	12924	12216	12214
WA_A_BAHA_ST_7652	13748	13737	13198	13198
WA_A_BAHA_ST_7654	10753	10689	10497	10497
WA_A_BAHA_ST_7656	6732	6715	6461	6461
WA_A_BOUV_EG_7511	24445	24436	23392	23392
WA_A_BOUV_EG_7581	1792	1792	1674	1674
WA_A_BOUV_EG_7582	41928	41924	38547	38522
WA_A_BOUV_EG_7583	20736	20735	19389	19191
WA_A_BOUV_EG_7585	2397	2395	2331	2331
WA_A_BOUV_EG_7586	24797	24796	23032	23032
WA_A_BOUV_EG_7645	18137	18113	17185	17185
WA_A_BOUV_GL_7508	29960	29856	29085	29085
WA_A_BOUV_GL_7509	14811	14776	14270	14270
WA_A_BOUV_GL_7511	14001	13724	13664	13664
WA_A_BOUV_GL_7580	1553	1465	1419	1419
WA_A_BOUV_GL_7581	7501	7485	7380	7380
WA_A_BOUV_GL_7582	38042	37782	37036	37025
WA_A_BOUV_GL_7583	17521	17500	16848	16706
WA_A_BOUV_GL_7584	21028	20779	20441	20441
WA_A_BOUV_GL_7585	3589	3513	3485	3485
WA_A_BOUV_GL_7586	34089	33477	32271	32271
WA_A_BOUV_GL_7587	14908	14789	14645	14645
WA_A_BOUV_GL_7588	2643	2609	2572	2572
WA_A_BOUV_GL_7639	10919	10880	10610	10610
WA_A_BOUV_GL_7640	12762	12749	12321	12321
WA_A_BOUV_GL_7642	15654	15581	14936	14936
WA_A_BOUV_GL_7643	6859	6846	6401	6401
WA_A_BOUV_GL_7644	11852	11703	11130	11130
WA_A_BOUV_GL_7645	16422	16396	15972	15972
WA_A_BOUV_GL_7646	17021	16932	16657	16657
WA_A_BOUV_GL_7647	15289	15247	14377	14377
WA_A_BOUV_HP_7508	18010	17982	17883	17883
WA_A_BOUV_HP_7509	10121	10005	9957	9957
WA_A_BOUV_HP_7511	11082	11052	11005	11005
WA_A_BOUV_HP_7580	6334	6196	6157	6157
WA_A_BOUV_HP_7581	8457	8232	8192	8192
WA_A_BOUV_HP_7582	22391	20281	20059	20059
WA_A_BOUV_HP_7583	6553	6544	6489	6485
WA_A_BOUV_HP_7584	13934	13891	13803	13765
WA_A_BOUV_HP_7585	13740	12998	12798	12798
WA_A_BOUV_HP_7586	17521	17500	16579	16579
WA_A_BOUV_HP_7587	5898	5555	5542	5542
WA_A_BOUV_HP_7588	4375	4340	4315	4315
WA_A_BOUV_HP_7639	11832	11799	11738	11738
WA_A_BOUV_HP_7640	7377	7018	6961	6961
WA_A_BOUV_HP_7642	15867	15830	15755	15755
WA_A_BOUV_HP_7643	10904	10773	10522	10522
WA_A_BOUV_HP_7644	5522	5519	5494	5494
WA_A_BOUV_HP_7645	14733	14698	14619	14619
WA_A_BOUV_HP_7646	33699	32770	32693	32693
WA_A_BOUV_HP_7647	15366	15314	15096	15096
WA_A_BOUV_MG_7508	8426	8426	8379	8379
WA_A_BOUV_MG_7509	13214	13211	13142	13142
WA_A_BOUV_MG_7511	9662	9662	9499	9499
WA_A_BOUV_MG_7580	9783	9655	9433	9433
WA_A_BOUV_MG_7581	12439	12439	12220	12220
WA_A_BOUV_MG_7582	2499	2499	2499	2499
WA_A_BOUV_MG_7583	12444	12444	12301	12299
WA_A_BOUV_MG_7584	6973	6972	6747	6747
WA_A_BOUV_MG_7585	7432	7432	7416	7416
WA_A_BOUV_MG_7586	19511	19510	17486	17486
WA_A_BOUV_MG_7587	15211	15211	15178	15178
WA_A_BOUV_MG_7588	15768	15767	15547	15547
WA_A_BOUV_MG_7639	9334	9324	9140	9140
WA_A_BOUV_MG_7640	16169	16168	15936	15936
WA_A_BOUV_MG_7642	15608	15603	15289	15289
WA_A_BOUV_MG_7643	7143	7136	6910	6910
WA_A_BOUV_MG_7644	8618	8618	8544	8544
WA_A_BOUV_MG_7645	16729	16726	16375	16375
WA_A_BOUV_MG_7646	18736	18734	18723	18723
WA_A_BOUV_MG_7647	12968	12968	12833	12833
WA_A_BOUV_ST_7508	25026	25009	24053	24053
WA_A_BOUV_ST_7509	14877	14795	14660	14660
WA_A_BOUV_ST_7511	25618	25597	24194	24194
WA_A_BOUV_ST_7580	10042	9788	9470	9470
WA_A_BOUV_ST_7581	14782	14656	14454	14454
WA_A_BOUV_ST_7582	3137	3021	2942	2941
WA_A_BOUV_ST_7583	26531	26349	25869	25847
WA_A_BOUV_ST_7584	22085	22063	21272	21272
WA_A_BOUV_ST_7585	3079	3061	2944	2944
WA_A_BOUV_ST_7586	15627	15562	15367	15367
WA_A_BOUV_ST_7587	10536	10473	10369	10369
WA_A_BOUV_ST_7588	24744	24292	23819	23819
WA_A_BOUV_ST_7639	15461	15216	15055	15055
WA_A_BOUV_ST_7642	15161	15133	14732	14732
WA_A_BOUV_ST_7643	18385	18337	17623	17622
WA_A_BOUV_ST_7644	9645	9615	9406	9406
WA_A_BOUV_ST_7645	11582	11556	11260	11260
WA_A_BOUV_ST_7646	11989	11606	11546	11546
WA_A_BOUV_ST_7647	16307	15962	15703	15703
WA_A_CRIS_EG_7536	46172	46139	45488	45485
WA_A_CRIS_EG_7537	10681	10623	10148	10148
WA_A_CRIS_EG_7625	21080	21072	20271	20271
WA_A_CRIS_EG_7632	7400	7380	7152	7152
WA_A_CRIS_EG_9461	17320	17310	16674	16674
WA_A_CRIS_EG_9463	12722	12713	12280	12280
WA_A_CRIS_EG_9473	2257	2257	2242	2242
WA_A_CRIS_EG_9510	8436	8417	8165	8165
WA_A_CRIS_EG_9623	49965	49954	48044	48044
WA_A_CRIS_EG_9624	20101	19727	19607	19607
WA_A_CRIS_GL_7497	15226	15225	14521	14521
WA_A_CRIS_GL_7499	32006	32005	29298	29298
WA_A_CRIS_GL_7500	10839	10839	10281	10281
WA_A_CRIS_GL_7536	3841	3734	3709	3709
WA_A_CRIS_GL_7537	16594	16587	15788	15788
WA_A_CRIS_GL_7538	4749	4644	4594	4594
WA_A_CRIS_GL_7539	19458	19087	18952	18952
WA_A_CRIS_GL_7624	38295	38292	36175	36175
WA_A_CRIS_GL_7625	28576	28572	27596	27596
WA_A_CRIS_GL_7632	8372	8353	8107	8107
WA_A_CRIS_GL_7636	33171	33142	32176	32176
WA_A_CRIS_GL_9461	19519	19436	18804	18804
WA_A_CRIS_GL_9463	17344	17343	16449	16449
WA_A_CRIS_GL_9467	37617	37495	37147	37147
WA_A_CRIS_GL_9471	13230	13226	12841	12841
WA_A_CRIS_GL_9473	30418	30408	29239	29239
WA_A_CRIS_GL_9510	13751	13718	13583	13583
WA_A_CRIS_GL_9621	17510	17509	17426	17426
WA_A_CRIS_GL_9623	59942	59781	59494	59494
WA_A_CRIS_GL_9624	232	196	196	196
WA_A_CRIS_HP_7497	20945	20776	20399	20399
WA_A_CRIS_HP_7499	38662	38138	37409	37408
WA_A_CRIS_HP_7500	5783	5522	5422	5422
WA_A_CRIS_HP_7536	852	847	847	809
WA_A_CRIS_HP_7537	6476	6114	6092	6092
WA_A_CRIS_HP_7538	7131	6788	6703	6703
WA_A_CRIS_HP_7539	15735	15026	14898	14898
WA_A_CRIS_HP_7624	23405	22327	22166	22166
WA_A_CRIS_HP_7625	30529	27408	27353	27353
WA_A_CRIS_HP_7632	10016	9424	9237	9237
WA_A_CRIS_HP_9461	10225	9714	9631	9631
WA_A_CRIS_HP_9463	18759	18744	18703	18703
WA_A_CRIS_HP_9467	13622	13326	13266	13266
WA_A_CRIS_HP_9471	5037	4936	4879	4879
WA_A_CRIS_HP_9473	9549	9299	9267	9267
WA_A_CRIS_HP_9510	11373	11166	10932	10932
WA_A_CRIS_HP_9621	16652	15658	15577	15577
WA_A_CRIS_HP_9624	4854	3970	3963	3963
WA_A_CRIS_MG_7497	4341	4333	4181	4181
WA_A_CRIS_MG_7499	27386	27184	26625	26625
WA_A_CRIS_MG_7500	123559	122791	119074	119073
WA_A_CRIS_MG_7536	11500	11490	11227	11227
WA_A_CRIS_MG_7537	19895	19767	19031	19031
WA_A_CRIS_MG_7538	7195	7175	6846	6846
WA_A_CRIS_MG_7539	3932	3772	3718	3718
WA_A_CRIS_MG_7624	27029	26591	26313	26313
WA_A_CRIS_MG_7625	39231	38940	38232	38232
WA_A_CRIS_MG_7632	9001	8801	8610	8610
WA_A_CRIS_MG_7636	30354	29895	29662	29662
WA_A_CRIS_MG_9463	17013	16951	16076	16076
WA_A_CRIS_MG_9467	41353	40575	40077	40077
WA_A_CRIS_MG_9471	2503	2498	2407	2407
WA_A_CRIS_MG_9473	20850	19630	19524	19524
WA_A_CRIS_MG_9510	11084	10990	10722	10713
WA_A_CRIS_MG_9621	17395	17144	17014	17013
WA_A_CRIS_MG_9623	32263	31379	31083	31083
WA_A_CRIS_MG_9624	29825	29493	29018	29018
WA_A_CRIS_ST_7497	2330	2322	2259	2259
WA_A_CRIS_ST_7499	26152	26078	25018	25018
WA_A_CRIS_ST_7500	19710	19641	18638	18638
WA_A_CRIS_ST_7536	3502	3490	3407	3407
WA_A_CRIS_ST_7537	19985	19900	19305	19305
WA_A_CRIS_ST_7538	14246	13657	13215	13215
WA_A_CRIS_ST_7539	3937	3849	3748	3748
WA_A_CRIS_ST_7625	30407	30189	29258	29257
WA_A_CRIS_ST_7632	9632	9616	9235	9235
WA_A_CRIS_ST_9461	10074	9889	9787	9787
WA_A_CRIS_ST_9463	15471	15455	14907	14907
WA_A_CRIS_ST_9467	37840	37619	37017	37017
WA_A_CRIS_ST_9471	3129	3100	3040	3040
WA_A_CRIS_ST_9473	8764	8624	8590	8590
WA_A_CRIS_ST_9510	14525	14517	14339	14338
WA_A_CRIS_ST_9621	17461	17238	16914	16914
WA_A_CRIS_ST_9623	6991	6920	6841	6841
WA_A_CRIS_ST_9624	31652	31270	30940	30940
WA_A_FLOR_EG_7680	16854	16853	15302	15302
WA_A_FLOR_EG_7685	6611	6611	6091	6091
WA_A_FLOR_EG_9662	3061	3058	2956	2956
WA_A_FLOR_GL_7680	20388	20383	18976	18976
WA_A_FLOR_GL_7685	2007	2007	1855	1855
WA_A_FLOR_GL_7693	26101	26092	24921	24920
WA_A_FLOR_GL_7694	20394	20390	19200	19200
WA_A_FLOR_GL_7695	22638	22638	20870	20870
WA_A_FLOR_GL_7696	16569	16569	15432	15432
WA_A_FLOR_GL_7697	21228	21130	20372	20371
WA_A_FLOR_GL_9433	23642	23642	22212	22212
WA_A_FLOR_GL_9648	28235	28222	26908	26898
WA_A_FLOR_GL_9650	18544	18530	17426	17426
WA_A_FLOR_GL_9651	11469	11461	10864	10863
WA_A_FLOR_GL_9652	58414	58405	56013	56013
WA_A_FLOR_GL_9653	13605	13595	12980	12977
WA_A_FLOR_GL_9654	5578	5555	5485	5477
WA_A_FLOR_GL_9655	46742	46722	43315	43309
WA_A_FLOR_GL_9658	8284	8283	7774	7773
WA_A_FLOR_GL_9659	521	519	506	506
WA_A_FLOR_GL_9662	10417	10409	10096	10093
WA_A_FLOR_GL_9663	12873	12857	12180	12172
WA_A_FLOR_GL_9664	58726	58726	53957	53957
WA_A_FLOR_HP_7680	19682	19644	19115	19115
WA_A_FLOR_HP_7685	8628	8604	8257	8186
WA_A_FLOR_HP_7694	21765	21730	20996	20996
WA_A_FLOR_HP_7695	27587	27550	26666	26666
WA_A_FLOR_HP_7696	9394	9309	8506	8502
WA_A_FLOR_HP_7697	12945	12717	12538	12538
WA_A_FLOR_HP_9433	42111	42095	39708	39706
WA_A_FLOR_HP_9648	24745	24536	24276	24274
WA_A_FLOR_HP_9650	11888	11792	11503	11503
WA_A_FLOR_HP_9651	11445	11360	11193	11193
WA_A_FLOR_HP_9652	18509	18019	17955	17955
WA_A_FLOR_HP_9653	13321	13281	12977	12976
WA_A_FLOR_HP_9654	5634	5488	5457	5457
WA_A_FLOR_HP_9655	32639	32441	31947	31947
WA_A_FLOR_HP_9658	25783	25671	25459	25459
WA_A_FLOR_HP_9659	2837	2833	2747	2747
WA_A_FLOR_HP_9662	29374	28556	28368	28368
WA_A_FLOR_HP_9663	17489	17004	16845	16845
WA_A_FLOR_HP_9664	51930	51911	50242	50242
WA_A_FLOR_MG_7680	19657	19656	18836	18835
WA_A_FLOR_MG_7685	10804	10795	10585	10585
WA_A_FLOR_MG_7693	26019	26002	25018	25018
WA_A_FLOR_MG_7694	21099	21098	20271	20271
WA_A_FLOR_MG_7695	32992	32991	32251	32251
WA_A_FLOR_MG_7696	33466	33464	32779	32779
WA_A_FLOR_MG_7697	22842	22734	22464	22464
WA_A_FLOR_MG_9433	36593	36593	35663	35662
WA_A_FLOR_MG_9648	13945	13945	13697	13697
WA_A_FLOR_MG_9650	11850	11849	11621	11621
WA_A_FLOR_MG_9651	10318	10317	10102	10102
WA_A_FLOR_MG_9652	47456	47456	46163	46163
WA_A_FLOR_MG_9653	12109	12108	11877	11877
WA_A_FLOR_MG_9654	9298	9297	9038	9038
WA_A_FLOR_MG_9655	57028	57026	55323	55323
WA_A_FLOR_MG_9658	46582	46578	45678	45678
WA_A_FLOR_MG_9659	11491	11491	11252	11252
WA_A_FLOR_MG_9662	7504	7504	7419	7419
WA_A_FLOR_MG_9663	11659	11658	11443	11443
WA_A_FLOR_MG_9664	49092	49091	47680	47680
WA_A_FLOR_ST_7680	21399	21383	19801	19799
WA_A_FLOR_ST_7685	9751	9736	8998	8998
WA_A_FLOR_ST_7693	17639	17549	16544	16544
WA_A_FLOR_ST_7694	18244	18157	17534	17534
WA_A_FLOR_ST_7695	21107	21034	20096	20096
WA_A_FLOR_ST_7696	13148	13142	12451	12451
WA_A_FLOR_ST_7697	14396	14360	13922	13922
WA_A_FLOR_ST_9433	8852	8848	8214	8214
WA_A_FLOR_ST_9648	4783	4780	4560	4550
WA_A_FLOR_ST_9650	8501	8492	8240	8240
WA_A_FLOR_ST_9651	8535	8535	8363	8363
WA_A_FLOR_ST_9652	62363	62318	58396	58395
WA_A_FLOR_ST_9653	8885	8884	8706	8705
WA_A_FLOR_ST_9654	11000	10993	10575	10575
WA_A_FLOR_ST_9655	4316	4315	4189	4189
WA_A_FLOR_ST_9658	28806	28790	27668	27663
WA_A_FLOR_ST_9659	28053	28024	27482	27480
WA_A_FLOR_ST_9662	20898	20892	20077	20075
WA_A_FLOR_ST_9663	9964	9957	9646	9645
WA_A_FLOR_ST_9664	53817	53711	52127	52127
WA_A_FORM_EG_7457	1701	1695	1623	1623
WA_A_FORM_EG_7752	8043	7928	7801	7801
WA_A_FORM_EG_9400	17258	17254	16181	16181
WA_A_FORM_GL_7402	28751	28664	28085	28085
WA_A_FORM_GL_7403	14783	14779	13324	13324
WA_A_FORM_GL_7455	42033	42014	40019	40019
WA_A_FORM_GL_7456	12117	12097	11285	11285
WA_A_FORM_GL_7457	1962	1958	1916	1916
WA_A_FORM_GL_7458	10026	9852	9744	9744
WA_A_FORM_GL_7550	16667	16667	15874	15874
WA_A_FORM_GL_7551	4018	4011	3892	3892
WA_A_FORM_GL_7608	11329	11301	10666	10666
WA_A_FORM_GL_7609	1721	1704	1654	1654
WA_A_FORM_GL_7657	12773	12770	11867	11867
WA_A_FORM_GL_7658	13047	13042	12025	12025
WA_A_FORM_GL_7675	9386	9341	8908	8908
WA_A_FORM_GL_7712	18724	18672	17797	17797
WA_A_FORM_GL_7713	8582	8581	8026	8026
WA_A_FORM_GL_7748	16293	16287	15754	15754
WA_A_FORM_GL_7751	9254	9093	9037	9037
WA_A_FORM_GL_7752	5894	5816	5681	5681
WA_A_FORM_GL_7753	37136	37125	34124	34124
WA_A_FORM_GL_9400	16785	16778	16189	16189
WA_A_FORM_HP_7402	22591	22581	22513	22444
WA_A_FORM_HP_7403	14041	14033	13890	13890
WA_A_FORM_HP_7455	5658	5658	5622	5622
WA_A_FORM_HP_7456	4883	4723	4702	4702
WA_A_FORM_HP_7457	1716	1716	1716	1716
WA_A_FORM_HP_7458	12189	11871	11629	11583
WA_A_FORM_HP_7550	22974	22974	22931	22931
WA_A_FORM_HP_7551	16212	16207	16039	16039
WA_A_FORM_HP_7608	8406	8255	8118	8024
WA_A_FORM_HP_7609	1989	1965	1949	1949
WA_A_FORM_HP_7657	13589	13584	13178	13178
WA_A_FORM_HP_7658	15229	15227	14716	14716
WA_A_FORM_HP_7675	10051	10007	9920	9920
WA_A_FORM_HP_7712	20549	20516	20321	20321
WA_A_FORM_HP_7713	8479	8353	8219	8219
WA_A_FORM_HP_7748	10824	10818	10698	10648
WA_A_FORM_HP_7751	7908	7908	7907	7907
WA_A_FORM_HP_7752	8608	8229	8177	8175
WA_A_FORM_HP_7753	24074	24072	24025	24025
WA_A_FORM_HP_9400	11240	11234	10920	10920
WA_A_FORM_MG_7402	21057	20515	20368	20368
WA_A_FORM_MG_7403	8245	8138	8008	8008
WA_A_FORM_MG_7455	10845	10690	10647	10647
WA_A_FORM_MG_7456	9466	9465	9462	9462
WA_A_FORM_MG_7457	1486	1468	1449	1449
WA_A_FORM_MG_7550	19093	19093	18689	18689
WA_A_FORM_MG_7551	29670	29668	28646	28646
WA_A_FORM_MG_7608	8554	8520	8280	8280
WA_A_FORM_MG_7609	5711	5711	5640	5640
WA_A_FORM_MG_7658	13569	13550	13388	13388
WA_A_FORM_MG_7675	12082	12081	11975	11975
WA_A_FORM_MG_7712	13444	13189	12901	12901
WA_A_FORM_MG_7713	9238	9236	9025	9025
WA_A_FORM_MG_7748	7876	7875	7589	7589
WA_A_FORM_MG_7751	8722	8705	8375	8371
WA_A_FORM_MG_7752	1697	1697	1599	1598
WA_A_FORM_MG_7753	36980	36978	36176	36176
WA_A_FORM_MG_9400	5864	5863	5560	5560
WA_A_FORM_ST_7402	16549	16549	16449	16449
WA_A_FORM_ST_7403	9218	9217	9208	9208
WA_A_FORM_ST_7455	13263	13263	13076	13076
WA_A_FORM_ST_7456	10212	10207	10142	10142
WA_A_FORM_ST_7457	1335	1335	1326	1326
WA_A_FORM_ST_7458	19313	19310	18989	18989
WA_A_FORM_ST_7550	14544	14544	14114	14114
WA_A_FORM_ST_7551	8825	8825	8583	8583
WA_A_FORM_ST_7608	6168	6160	6112	6112
WA_A_FORM_ST_7609	10693	10693	10684	10684
WA_A_FORM_ST_7657	2972	2972	2969	2969
WA_A_FORM_ST_7658	6698	6696	6672	6672
WA_A_FORM_ST_7675	13532	13469	13199	13199
WA_A_FORM_ST_7712	7688	7685	7632	7632
WA_A_FORM_ST_7713	6107	6078	5916	5916
WA_A_FORM_ST_7748	10993	10993	10966	10966
WA_A_FORM_ST_7751	9226	9221	8998	8998
WA_A_FORM_ST_7752	11475	11473	10735	10735
WA_A_FORM_ST_7753	9488	9487	9345	9344
WA_A_FORM_ST_9400	5963	5963	5948	5948
WA_A_NUTT_EG_7525	6257	6256	5775	5775
WA_A_NUTT_EG_7526	20678	20677	18994	18994
WA_A_NUTT_EG_7529	23774	23764	22579	22579
WA_A_NUTT_EG_9406	21606	21599	19929	19929
WA_A_NUTT_EG_9408	1473	1473	1271	1271
WA_A_NUTT_EG_9410	570	49	49	49
WA_A_NUTT_EG_9459	16780	16776	15670	15670
WA_A_NUTT_GL_7389	33345	33345	31401	31401
WA_A_NUTT_GL_7426	22756	22754	21403	21403
WA_A_NUTT_GL_7428	31221	31219	29837	29837
WA_A_NUTT_GL_7429	40677	40674	37915	37915
WA_A_NUTT_GL_7430	2454	2444	2380	2380
WA_A_NUTT_GL_7431	14759	14759	14202	14202
WA_A_NUTT_GL_7491	15260	15259	14163	14162
WA_A_NUTT_GL_7492	33694	33685	31121	31121
WA_A_NUTT_GL_7525	6038	6036	5690	5690
WA_A_NUTT_GL_7526	25404	25396	23380	23380
WA_A_NUTT_GL_7527	15685	15684	14825	14824
WA_A_NUTT_GL_7528	94551	94539	85965	85965
WA_A_NUTT_GL_7529	22992	22985	21803	21802
WA_A_NUTT_GL_9405	1330	1319	1295	1295
WA_A_NUTT_GL_9406	4394	4391	4192	4192
WA_A_NUTT_GL_9408	2243	2243	2112	2112
WA_A_NUTT_GL_9409	29754	29754	26606	26606
WA_A_NUTT_GL_9410	7520	7518	6883	6883
WA_A_NUTT_GL_9459	24724	24642	23674	23674
WA_A_NUTT_GL_9460	26080	26078	24386	24386
WA_A_NUTT_HP_7389	18559	18023	17836	17836
WA_A_NUTT_HP_7426	14044	13970	13672	13668
WA_A_NUTT_HP_7428	7095	7078	7000	7000
WA_A_NUTT_HP_7429	52506	52488	51447	51447
WA_A_NUTT_HP_7430	11971	11343	11142	11142
WA_A_NUTT_HP_7431	7463	7436	7310	7310
WA_A_NUTT_HP_7491	6689	6674	6595	6595
WA_A_NUTT_HP_7492	11275	11275	11036	11036
WA_A_NUTT_HP_7525	5176	5172	5156	5156
WA_A_NUTT_HP_7526	16562	16559	16197	16197
WA_A_NUTT_HP_7527	18091	18091	17702	17702
WA_A_NUTT_HP_7528	41555	41507	38066	38066
WA_A_NUTT_HP_7529	19535	19531	19435	19435
WA_A_NUTT_HP_9405	1806	1804	1782	1782
WA_A_NUTT_HP_9406	1919	1919	1908	1908
WA_A_NUTT_HP_9408	2314	2312	2274	2274
WA_A_NUTT_HP_9409	13923	13892	13737	13737
WA_A_NUTT_HP_9410	8404	8403	8378	8378
WA_A_NUTT_HP_9459	9154	8793	8754	8754
WA_A_NUTT_HP_9460	33727	33674	32072	32072
WA_A_NUTT_MG_7389	2896	2896	2834	2834
WA_A_NUTT_MG_7426	15921	15921	15158	15158
WA_A_NUTT_MG_7428	30979	30979	30798	30798
WA_A_NUTT_MG_7429	60032	60031	59434	59434
WA_A_NUTT_MG_7430	5401	5400	5342	5342
WA_A_NUTT_MG_7431	16233	16233	16111	16111
WA_A_NUTT_MG_7491	19469	19469	18822	18822
WA_A_NUTT_MG_7492	17104	17104	16487	16487
WA_A_NUTT_MG_7525	4809	4809	4585	4585
WA_A_NUTT_MG_7526	15529	15529	14644	14644
WA_A_NUTT_MG_7527	14423	14423	14196	14196
WA_A_NUTT_MG_7528	17146	17146	16365	16365
WA_A_NUTT_MG_7529	20184	20180	19057	19057
WA_A_NUTT_MG_9405	2030	2030	2007	2007
WA_A_NUTT_MG_9406	18007	18007	17502	17502
WA_A_NUTT_MG_9408	1813	1812	1758	1758
WA_A_NUTT_MG_9409	2967	2967	2957	2957
WA_A_NUTT_MG_9410	9580	9580	9305	9305
WA_A_NUTT_MG_9459	33212	33212	32587	32587
WA_A_NUTT_MG_9460	42415	42415	38333	38333
WA_A_NUTT_ST_7389	2751	2750	2685	2685
WA_A_NUTT_ST_7426	20197	20188	19073	19073
WA_A_NUTT_ST_7428	21451	21447	20068	20068
WA_A_NUTT_ST_7429	38007	37980	37017	37017
WA_A_NUTT_ST_7430	1963	1929	1870	1870
WA_A_NUTT_ST_7431	24512	24503	22629	22629
WA_A_NUTT_ST_7491	10351	10342	10085	10085
WA_A_NUTT_ST_7492	19407	19405	18555	18555
WA_A_NUTT_ST_7525	5439	5436	5151	5151
WA_A_NUTT_ST_7526	16043	16042	15379	15379
WA_A_NUTT_ST_7527	18931	18930	18582	18582
WA_A_NUTT_ST_7528	22300	22241	21775	21775
WA_A_NUTT_ST_7529	18996	18992	18316	18316
WA_A_NUTT_ST_9405	1504	1504	1408	1408
WA_A_NUTT_ST_9406	24879	24878	24253	24253
WA_A_NUTT_ST_9408	1209	1209	1170	1170
WA_A_NUTT_ST_9409	7056	7043	6862	6862
WA_A_NUTT_ST_9410	7840	7837	7641	7639
WA_A_NUTT_ST_9459	25499	25457	24933	24933
WA_A_NUTT_ST_9460	40836	40799	38633	38633
WA_A_PARA_EG_7451	10914	10901	10330	10330
WA_A_PARA_EG_7706	5320	5310	5010	5010
WA_A_PARA_EG_7708	6535	6526	6093	6093
WA_A_PARA_EG_9364	34363	34343	32371	32371
WA_A_PARA_EG_9478	50799	50698	48903	48903
WA_A_PARA_EG_9483	4644	4626	4544	4544
WA_A_PARA_EG_9486	54537	54469	51689	51689
WA_A_PARA_GL_7405	2686	2685	2565	2565
WA_A_PARA_GL_7451	11756	11629	11417	11417
WA_A_PARA_GL_7453	50330	50224	45897	45897
WA_A_PARA_GL_7459	15898	15750	15524	15524
WA_A_PARA_GL_7460	3303	3302	3258	3258
WA_A_PARA_GL_7462	16841	16839	16005	16005
WA_A_PARA_GL_7464	29947	29944	28227	28227
WA_A_PARA_GL_7467	18825	18823	17877	17877
WA_A_PARA_GL_7706	9549	9354	8954	8954
WA_A_PARA_GL_7708	6791	6778	6481	6481
WA_A_PARA_GL_9364	15628	15565	14898	14898
WA_A_PARA_GL_9399	8139	8096	7956	7956
WA_A_PARA_GL_9474	364	364	327	327
WA_A_PARA_GL_9476	21951	21949	21664	21664
WA_A_PARA_GL_9477	42848	42845	40025	40025
WA_A_PARA_GL_9478	41593	41140	40718	40718
WA_A_PARA_GL_9480	2019	2018	1981	1981
WA_A_PARA_GL_9483	5280	5223	5127	5127
WA_A_PARA_GL_9486	33693	33581	32531	32531
WA_A_PARA_HP_7405	4202	4050	3987	3987
WA_A_PARA_HP_7451	2113	2088	2070	2070
WA_A_PARA_HP_7453	25149	24211	23613	23613
WA_A_PARA_HP_7459	11878	11169	11129	11129
WA_A_PARA_HP_7460	12849	12745	12579	12579
WA_A_PARA_HP_7462	12697	12547	12380	12380
WA_A_PARA_HP_7464	18364	17863	17736	17736
WA_A_PARA_HP_7467	8620	8148	8069	8069
WA_A_PARA_HP_7706	8202	7810	7585	7585
WA_A_PARA_HP_7708	6252	6173	6114	6114
WA_A_PARA_HP_9364	1398	1309	1309	1309
WA_A_PARA_HP_9399	9444	9441	9435	9435
WA_A_PARA_HP_9474	6002	5690	5668	5668
WA_A_PARA_HP_9476	29400	29374	29074	29074
WA_A_PARA_HP_9477	4163	3829	3819	3819
WA_A_PARA_HP_9478	10446	9501	9498	9498
WA_A_PARA_HP_9480	1909	1896	1849	1849
WA_A_PARA_HP_9483	6017	6016	6004	6004
WA_A_PARA_HP_9486	44340	44281	44142	44142
WA_A_PARA_MG_7405	11446	11445	11300	11300
WA_A_PARA_MG_7451	9632	9560	9482	9482
WA_A_PARA_MG_7453	24473	24357	23637	23637
WA_A_PARA_MG_7459	28652	28632	27034	27034
WA_A_PARA_MG_7460	3640	3594	3575	3575
WA_A_PARA_MG_7462	28000	27997	27519	27519
WA_A_PARA_MG_7464	24488	24361	23635	23634
WA_A_PARA_MG_7467	15872	15864	15580	15580
WA_A_PARA_MG_7706	2665	2658	2649	2648
WA_A_PARA_MG_7708	9750	9742	9641	9641
WA_A_PARA_MG_9364	485	485	479	479
WA_A_PARA_MG_9399	6118	5970	5942	5942
WA_A_PARA_MG_9474	27197	27025	26951	26951
WA_A_PARA_MG_9476	42681	42499	42303	42303
WA_A_PARA_MG_9477	3227	3219	3196	3196
WA_A_PARA_MG_9478	63348	63333	61088	61086
WA_A_PARA_MG_9480	2695	2688	2605	2605
WA_A_PARA_MG_9483	5889	5889	5782	5782
WA_A_PARA_MG_9486	49049	49025	47195	47195
WA_A_PARA_ST_7405	4191	4188	4056	4056
WA_A_PARA_ST_7451	11481	11438	10963	10962
WA_A_PARA_ST_7453	5134	5105	4970	4968
WA_A_PARA_ST_7459	7844	7813	7501	7501
WA_A_PARA_ST_7460	2069	2067	2037	2037
WA_A_PARA_ST_7462	17230	17219	16839	16839
WA_A_PARA_ST_7464	21406	21341	20706	20705
WA_A_PARA_ST_7467	17042	17012	16218	16218
WA_A_PARA_ST_7706	9760	9504	9240	9240
WA_A_PARA_ST_7708	1438	1435	1391	1391
WA_A_PARA_ST_9364	6346	6344	6292	6292
WA_A_PARA_ST_9399	6823	6798	6626	6538
WA_A_PARA_ST_9474	36163	36137	34933	34933
WA_A_PARA_ST_9476	31478	31302	30735	30735
WA_A_PARA_ST_9477	317	315	311	311
WA_A_PARA_ST_9478	47569	47411	46142	46135
WA_A_PARA_ST_9480	13062	13062	12756	12756
WA_A_PARA_ST_9483	5450	5448	5347	5347
WA_A_PARA_ST_9486	49283	49245	47738	47738
WA_A_PCNS_EG_7506	27384	27331	26048	26048
WA_A_PCNS_EG_7600	23548	23539	22637	22637
WA_A_PCNS_EG_7601	14777	14644	14410	14410
WA_A_PCNS_EG_7604	6834	6795	6726	6725
WA_A_PCNS_EG_7702	9000	8978	8676	8676
WA_A_PCNS_EG_7715	10428	10425	9754	9754
WA_A_PCNS_EG_9443	33167	33165	31761	31761
WA_A_PCNS_EG_9515	53700	53582	52626	52626
WA_A_PCNS_EG_9516	22424	21723	21623	21623
WA_A_PCNS_GL_7399	4748	4444	4265	4265
WA_A_PCNS_GL_7445	3416	2954	2940	2940
WA_A_PCNS_GL_7446	23987	23884	23266	23266
WA_A_PCNS_GL_7506	24691	24592	23934	23934
WA_A_PCNS_GL_7552	6291	6239	6157	6157
WA_A_PCNS_GL_7554	2882	2651	2636	2636
WA_A_PCNS_GL_7600	13068	12777	12641	12641
WA_A_PCNS_GL_7601	22578	22280	22228	22228
WA_A_PCNS_GL_7603	9882	9714	9614	9614
WA_A_PCNS_GL_7604	14224	13772	13654	13654
WA_A_PCNS_GL_7637	10806	10715	10489	10489
WA_A_PCNS_GL_7702	4096	3868	3857	3857
WA_A_PCNS_GL_7715	12210	11882	11782	11782
WA_A_PCNS_GL_9374	12504	11298	10746	10746
WA_A_PCNS_GL_9442	3647	3322	3284	3284
WA_A_PCNS_GL_9443	12534	12149	12056	12056
WA_A_PCNS_GL_9513	10333	10273	10207	10207
WA_A_PCNS_GL_9515	48723	47343	46473	46473
WA_A_PCNS_GL_9516	50779	49160	48289	48289
WA_A_PCNS_GL_9519	25344	24977	24570	24570
WA_A_PCNS_HP_7399	15475	14919	14728	14572
WA_A_PCNS_HP_7445	11722	11411	11187	11187
WA_A_PCNS_HP_7446	15533	15187	14966	14966
WA_A_PCNS_HP_7506	19007	18962	18635	18635
WA_A_PCNS_HP_7552	7238	7170	7090	7090
WA_A_PCNS_HP_7554	5184	5144	5101	5101
WA_A_PCNS_HP_7600	15230	14994	14871	14871
WA_A_PCNS_HP_7601	41705	41440	41346	41346
WA_A_PCNS_HP_7603	18038	17887	17563	17563
WA_A_PCNS_HP_7604	3875	3791	3784	3784
WA_A_PCNS_HP_7637	15271	15165	14930	14930
WA_A_PCNS_HP_7702	13267	13235	13108	13108
WA_A_PCNS_HP_7715	4919	4642	4625	4625
WA_A_PCNS_HP_9374	12413	12406	12180	12180
WA_A_PCNS_HP_9442	3783	3714	3691	3691
WA_A_PCNS_HP_9443	27349	26149	25988	25988
WA_A_PCNS_HP_9513	1346	1288	1285	1285
WA_A_PCNS_HP_9515	17539	16573	16553	16553
WA_A_PCNS_HP_9516	20879	20267	20195	20195
WA_A_PCNS_HP_9519	12784	12484	12415	12322
WA_A_PCNS_MG_7399	28445	28433	28172	28172
WA_A_PCNS_MG_7445	6108	6108	6041	6041
WA_A_PCNS_MG_7446	14638	14636	14405	14405
WA_A_PCNS_MG_7552	6994	6994	6958	6958
WA_A_PCNS_MG_7554	7998	7997	7932	7932
WA_A_PCNS_MG_7600	21434	21299	21028	21028
WA_A_PCNS_MG_7601	38013	37907	37482	37482
WA_A_PCNS_MG_7603	10746	10444	10312	10312
WA_A_PCNS_MG_7604	10538	10538	10430	10430
WA_A_PCNS_MG_7637	14730	14728	14510	14510
WA_A_PCNS_MG_7702	8291	8261	8195	8195
WA_A_PCNS_MG_7715	13894	13820	13736	13736
WA_A_PCNS_MG_9374	12266	12223	12098	12095
WA_A_PCNS_MG_9442	6980	6980	6887	6887
WA_A_PCNS_MG_9443	10914	10914	10807	10807
WA_A_PCNS_MG_9513	542	542	541	541
WA_A_PCNS_MG_9515	60188	60174	59420	59420
WA_A_PCNS_MG_9516	40449	40402	40353	40353
WA_A_PCNS_MG_9519	2450	2450	2437	2437
WA_A_PCNS_ST_7399	33062	32560	31789	31789
WA_A_PCNS_ST_7445	3001	2947	2897	2897
WA_A_PCNS_ST_7446	19852	19652	18941	18940
WA_A_PCNS_ST_7506	16713	16539	16236	16236
WA_A_PCNS_ST_7552	8264	8231	7989	7989
WA_A_PCNS_ST_7554	3546	3536	3506	3506
WA_A_PCNS_ST_7600	13986	13821	13555	13554
WA_A_PCNS_ST_7601	31265	30664	30214	30202
WA_A_PCNS_ST_7603	11033	10970	10562	10562
WA_A_PCNS_ST_7604	22975	22850	22175	22175
WA_A_PCNS_ST_7637	16670	16631	16102	16102
WA_A_PCNS_ST_7702	11395	11370	11133	11133
WA_A_PCNS_ST_7715	5125	4672	4660	4660
WA_A_PCNS_ST_9374	14256	14215	13958	13958
WA_A_PCNS_ST_9442	3608	3583	3497	3497
WA_A_PCNS_ST_9443	42259	41841	41200	41195
WA_A_PCNS_ST_9513	7460	7426	7340	7340
WA_A_PCNS_ST_9515	25223	24990	24788	24788
WA_A_PCNS_ST_9516	32449	32253	32091	32090
WA_A_PCNS_ST_9519	6078	6064	5989	5988
WA_A_PCWS_EG_7444	16096	16093	14908	14908
WA_A_PCWS_EG_7450	2717	2691	2673	2673
WA_A_PCWS_EG_7558	15581	15574	15035	15035
WA_A_PCWS_EG_7559	25202	25186	24425	24425
WA_A_PCWS_EG_9438	1223	1223	1182	1182
WA_A_PCWS_EG_9440	5204	5168	5067	5067
WA_A_PCWS_EG_9522	50453	50412	48388	48386
WA_A_PCWS_GL_7410	4366	4167	4154	4154
WA_A_PCWS_GL_7439	23523	23453	23203	23203
WA_A_PCWS_GL_7440	4778	4742	4639	4639
WA_A_PCWS_GL_7441	3716	3675	3653	3653
WA_A_PCWS_GL_7442	19059	18499	18348	18348
WA_A_PCWS_GL_7443	38939	38314	38002	38002
WA_A_PCWS_GL_7444	13393	13335	13141	13141
WA_A_PCWS_GL_7450	6273	6089	6024	6024
WA_A_PCWS_GL_7555	12267	12224	12119	12119
WA_A_PCWS_GL_7556	12473	12466	12338	12338
WA_A_PCWS_GL_7557	9152	8640	8598	8598
WA_A_PCWS_GL_7558	9177	9166	9054	9054
WA_A_PCWS_GL_7559	20112	19901	19669	19669
WA_A_PCWS_GL_7672	7581	7413	7327	7327
WA_A_PCWS_GL_9438	1646	1622	1597	1597
WA_A_PCWS_GL_9439	51767	51588	50850	50817
WA_A_PCWS_GL_9440	2887	2802	2775	2775
WA_A_PCWS_GL_9522	45563	44517	44058	44058
WA_A_PCWS_HP_7400	18790	18535	18318	18318
WA_A_PCWS_HP_7410	4147	4000	3985	3985
WA_A_PCWS_HP_7439	13281	13059	12976	12976
WA_A_PCWS_HP_7440	3924	3920	3861	3852
WA_A_PCWS_HP_7441	7386	7315	7274	7274
WA_A_PCWS_HP_7442	22360	22164	21889	21889
WA_A_PCWS_HP_7443	29363	29046	28564	28564
WA_A_PCWS_HP_7444	17902	17837	17599	17599
WA_A_PCWS_HP_7450	15955	15289	15229	15225
WA_A_PCWS_HP_7555	15753	15733	15589	15589
WA_A_PCWS_HP_7556	10437	10436	10161	10161
WA_A_PCWS_HP_7557	10215	9412	9395	9395
WA_A_PCWS_HP_7558	9953	9939	9819	9819
WA_A_PCWS_HP_7559	30338	30257	30137	30137
WA_A_PCWS_HP_7672	13573	13305	13113	13065
WA_A_PCWS_HP_9438	1983	1975	1966	1966
WA_A_PCWS_HP_9439	13741	13482	13371	13366
WA_A_PCWS_HP_9440	4777	4753	4738	4738
WA_A_PCWS_HP_9522	38900	37674	36684	36684
WA_A_PCWS_MG_7400	35480	35479	35067	35067
WA_A_PCWS_MG_7410	17668	17666	17468	17468
WA_A_PCWS_MG_7439	21499	21498	21352	21352
WA_A_PCWS_MG_7440	14866	14864	14643	14643
WA_A_PCWS_MG_7441	19704	19699	19607	19607
WA_A_PCWS_MG_7442	25762	25759	25271	25271
WA_A_PCWS_MG_7443	26776	26774	26609	26609
WA_A_PCWS_MG_7444	22238	22238	22181	22181
WA_A_PCWS_MG_7450	44331	44316	43836	43836
WA_A_PCWS_MG_7555	23622	23622	23441	23441
WA_A_PCWS_MG_7556	14582	14582	14403	14403
WA_A_PCWS_MG_7557	7564	7564	7520	7520
WA_A_PCWS_MG_7558	25681	25675	25303	25303
WA_A_PCWS_MG_7559	10798	10780	10752	10752
WA_A_PCWS_MG_7672	12505	12502	12368	12363
WA_A_PCWS_MG_9438	2257	2256	2244	2244
WA_A_PCWS_MG_9439	41655	41653	40504	40504
WA_A_PCWS_MG_9440	8455	8451	8283	8283
WA_A_PCWS_MG_9522	57305	57201	56655	56655
WA_A_PCWS_ST_7400	24281	24240	24042	23959
WA_A_PCWS_ST_7410	5447	5218	5116	5116
WA_A_PCWS_ST_7439	14271	14046	13885	13885
WA_A_PCWS_ST_7440	6761	6530	6392	6392
WA_A_PCWS_ST_7441	28514	28135	27594	27594
WA_A_PCWS_ST_7442	16425	16425	16234	16234
WA_A_PCWS_ST_7443	3677	3660	3541	3541
WA_A_PCWS_ST_7444	21853	21806	21399	21399
WA_A_PCWS_ST_7450	31501	31127	30900	30900
WA_A_PCWS_ST_7555	17611	17461	17254	17254
WA_A_PCWS_ST_7556	11720	11720	11702	11702
WA_A_PCWS_ST_7557	5871	5680	5605	5605
WA_A_PCWS_ST_7558	11389	11367	11119	11119
WA_A_PCWS_ST_7559	22447	22369	21941	21941
WA_A_PCWS_ST_7672	27666	26961	26652	25520
WA_A_PCWS_ST_9438	1604	1593	1580	1580
WA_A_PCWS_ST_9439	10015	10004	9868	9868
WA_A_PCWS_ST_9440	5666	5623	5542	5542
WA_A_PCWS_ST_9522	52855	52761	49916	49910
WA_A_PLAT_EG_9369	5033	5033	4731	4731
WA_A_PLAT_GL_9369	11267	11266	10388	10388
WA_A_PLAT_HP_9369	10145	10103	9997	9997
WA_A_PLAT_MG_9369	4329	4329	4277	4277
WA_A_PLAT_ST_9369	5511	5510	5099	5099
WA_A_SIMU_GL_7486	36635	36043	35668	35668
WA_A_SIMU_GL_7717	36886	36485	35850	35850
WA_A_SIMU_GL_7718	6710	5842	5745	5745
WA_A_SIMU_HP_7486	28484	28075	27948	27384
WA_A_SIMU_HP_7717	4640	4395	4362	4362
WA_A_SIMU_HP_7718	6924	6436	6394	6394
WA_A_SIMU_MG_7486	5028	4811	4771	4771
WA_A_SIMU_MG_7717	10945	10484	10346	10346
WA_A_SIMU_MG_7718	8137	7068	6998	6998
WA_A_THOM_EG_9420	15803	15803	15232	15232
WA_A_THOM_GL_7391	22192	22183	21670	21670
WA_A_THOM_GL_7392	8795	8791	8248	8248
WA_A_THOM_GL_7393	28037	27941	27140	27140
WA_A_THOM_GL_7416	1940	1939	1837	1837
WA_A_THOM_GL_7417	94022	93940	87130	87130
WA_A_THOM_GL_7419	3058	3028	2882	2882
WA_A_THOM_GL_7420	12927	12873	12588	12588
WA_A_THOM_GL_7480	6866	6839	6706	6706
WA_A_THOM_GL_7502	16182	16176	14953	14953
WA_A_THOM_GL_7503	43025	42953	40146	40146
WA_A_THOM_GL_7540	10337	10327	9778	9778
WA_A_THOM_GL_7541	2751	2724	2623	2623
WA_A_THOM_GL_7543	60520	60453	59225	59225
WA_A_THOM_GL_7544	14920	14728	14405	14405
WA_A_THOM_GL_9384	16367	16314	15742	15742
WA_A_THOM_GL_9385	1345	1344	1329	1329
WA_A_THOM_GL_9387	11843	11381	11183	11183
WA_A_THOM_GL_9389	36141	36057	35202	35202
WA_A_THOM_GL_9420	29886	29868	28937	28937
WA_A_THOM_HP_7391	25674	25671	25663	25663
WA_A_THOM_HP_7392	1359	1338	1319	1319
WA_A_THOM_HP_7393	11539	11114	10971	10965
WA_A_THOM_HP_7416	8426	8416	8312	8312
WA_A_THOM_HP_7417	53662	53628	52945	52919
WA_A_THOM_HP_7419	12446	12187	11879	11879
WA_A_THOM_HP_7420	4104	4100	4069	4069
WA_A_THOM_HP_7480	10642	10577	10266	10266
WA_A_THOM_HP_7502	30978	30889	30690	30690
WA_A_THOM_HP_7503	32834	32751	32364	32364
WA_A_THOM_HP_7540	4901	4894	4840	4840
WA_A_THOM_HP_7541	9547	8843	8618	8618
WA_A_THOM_HP_7543	56004	55903	55452	55452
WA_A_THOM_HP_7544	17839	17836	17826	17826
WA_A_THOM_HP_9384	11436	11430	11276	11276
WA_A_THOM_HP_9385	1498	1457	1444	1444
WA_A_THOM_HP_9387	12819	12811	12788	12788
WA_A_THOM_HP_9389	8564	8564	8564	8564
WA_A_THOM_HP_9420	21276	21185	21070	21070
WA_A_THOM_MG_7391	20644	20641	20108	20108
WA_A_THOM_MG_7392	2217	2217	2204	2204
WA_A_THOM_MG_7393	15809	15783	15532	15532
WA_A_THOM_MG_7416	9791	9790	9555	9555
WA_A_THOM_MG_7417	69322	69216	67887	67878
WA_A_THOM_MG_7420	23692	23607	22625	22625
WA_A_THOM_MG_7480	2014	2014	1979	1979
WA_A_THOM_MG_7502	15755	15718	15412	15412
WA_A_THOM_MG_7503	25464	25436	25145	25145
WA_A_THOM_MG_7540	12436	12417	12109	12109
WA_A_THOM_MG_7541	20155	20125	19870	19870
WA_A_THOM_MG_7543	113387	113303	108670	108670
WA_A_THOM_MG_7544	16642	16633	16255	16255
WA_A_THOM_MG_9384	10857	10850	10397	10397
WA_A_THOM_MG_9387	15744	15743	15575	15575
WA_A_THOM_MG_9389	2050	2034	2020	2020
WA_A_THOM_MG_9420	31094	31094	30278	30278
WA_A_THOM_ST_7391	19309	19281	18733	18733
WA_A_THOM_ST_7392	1470	1454	1410	1410
WA_A_THOM_ST_7393	14999	14983	14489	14489
WA_A_THOM_ST_7416	11861	11589	11103	11103
WA_A_THOM_ST_7417	89497	89403	86293	86293
WA_A_THOM_ST_7419	5448	5416	5208	5208
WA_A_THOM_ST_7420	1954	1954	1936	1936
WA_A_THOM_ST_7480	19181	19155	18745	18745
WA_A_THOM_ST_7502	18469	18438	17171	17163
WA_A_THOM_ST_7503	39843	39717	37798	37796
WA_A_THOM_ST_7540	10659	10644	10306	10306
WA_A_THOM_ST_7541	36872	36083	34931	34931
WA_A_THOM_ST_7543	91074	90788	88416	88416
WA_A_THOM_ST_7544	16692	16666	16320	16320
WA_A_THOM_ST_9384	12025	12025	12017	12017
WA_A_THOM_ST_9385	1493	1483	1457	1457
WA_A_THOM_ST_9387	20144	20008	19699	19699
WA_A_THOM_ST_9389	199	197	197	197
WA_A_THOM_ST_9420	35453	35450	34593	34592
WA_A_VERR_EG_7606	9903	9896	9182	9182
WA_A_VERR_EG_7607	10090	10085	9505	9505
WA_A_VERR_EG_9501	1510	1510	1404	1404
WA_A_VERR_GL_7606	10629	10616	10086	10086
WA_A_VERR_GL_7607	8894	8889	8409	8409
WA_A_VERR_GL_9501	1330	1330	1295	1295
WA_A_VERR_GL_9507	16838	16826	16180	16174
WA_A_VERR_GL_9526	34302	34302	30259	30259
WA_A_VERR_GL_9611	34044	32812	32525	31961
WA_A_VERR_HP_7606	6815	6725	6636	6636
WA_A_VERR_HP_7607	5961	5820	5726	5726
WA_A_VERR_HP_9501	2383	2383	2383	2383
WA_A_VERR_HP_9507	11251	11217	10953	10946
WA_A_VERR_HP_9526	30010	30010	28909	28909
WA_A_VERR_HP_9611	37662	36540	36391	36372
WA_A_VERR_MG_7606	8411	8407	8160	8160
WA_A_VERR_MG_7607	7996	7996	7912	7912
WA_A_VERR_MG_9501	1327	1326	1314	1314
WA_A_VERR_MG_9507	10497	10497	10282	10282
WA_A_VERR_MG_9526	32175	32174	30912	30912
WA_A_VERR_MG_9611	55888	55884	54856	54854
WA_A_VERR_ST_7606	9220	9195	8984	8983
WA_A_VERR_ST_7607	6111	6054	5985	5985
WA_A_VERR_ST_9501	2369	2369	2290	2289
WA_A_VERR_ST_9507	13039	13032	12251	12250
WA_A_VERR_ST_9526	27754	27753	26655	26654
WA_A_VERR_ST_9611	46050	45971	43652	43586
WA_A_WEBS_EG_7612	2020	2019	1877	1877
WA_A_WEBS_EG_7727	7989	7988	7642	7642
WA_A_WEBS_EG_7731	8887	8882	8385	8385
WA_A_WEBS_EG_9610	2017	2015	1956	1956
WA_A_WEBS_GL_7390	29925	29918	28888	28888
WA_A_WEBS_GL_7421	28206	28148	26204	26204
WA_A_WEBS_GL_7422	17544	17529	16810	16810
WA_A_WEBS_GL_7423	27927	27922	24985	24985
WA_A_WEBS_GL_7507	16848	16713	16474	16474
WA_A_WEBS_GL_7611	20713	20678	19672	19671
WA_A_WEBS_GL_7612	2514	2510	2457	2457
WA_A_WEBS_GL_7638	136723	136347	128598	128598
WA_A_WEBS_GL_7726	20358	20230	19372	19372
WA_A_WEBS_GL_7727	7731	7688	7223	7223
WA_A_WEBS_GL_7728	21154	20931	20549	20549
WA_A_WEBS_GL_7729	7985	7963	7732	7732
WA_A_WEBS_GL_7730	15866	15865	15042	15042
WA_A_WEBS_GL_7731	6372	6363	6015	6015
WA_A_WEBS_GL_7732	15876	15875	15301	15301
WA_A_WEBS_GL_9411	12420	12395	11787	11787
WA_A_WEBS_GL_9609	11785	11781	11417	11417
WA_A_WEBS_GL_9610	3430	3383	3362	3362
WA_A_WEBS_HP_7390	22850	22611	22225	22224
WA_A_WEBS_HP_7421	13859	13665	13480	13480
WA_A_WEBS_HP_7422	16919	16641	16535	16535
WA_A_WEBS_HP_7423	22845	22781	22026	22026
WA_A_WEBS_HP_7507	12969	12834	12663	12663
WA_A_WEBS_HP_7611	17148	17121	16832	16832
WA_A_WEBS_HP_7612	2295	2281	2249	2249
WA_A_WEBS_HP_7638	20200	19969	19504	19504
WA_A_WEBS_HP_7726	35183	35048	34563	34519
WA_A_WEBS_HP_7727	1340	1323	1315	1315
WA_A_WEBS_HP_7728	15623	15418	15235	15235
WA_A_WEBS_HP_7729	8617	8599	8535	8535
WA_A_WEBS_HP_7730	11237	11232	10893	10893
WA_A_WEBS_HP_7731	9672	9667	9593	9593
WA_A_WEBS_HP_7732	14729	14604	14239	14239
WA_A_WEBS_HP_9411	808	793	788	788
WA_A_WEBS_HP_9609	7356	7325	7255	7255
WA_A_WEBS_HP_9610	5697	5352	5340	5340
WA_A_WEBS_MG_7390	20862	20862	20625	20625
WA_A_WEBS_MG_7421	20771	20768	20639	20639
WA_A_WEBS_MG_7422	7127	6638	6604	6604
WA_A_WEBS_MG_7423	22940	22940	22855	22855
WA_A_WEBS_MG_7507	22194	22075	21628	21628
WA_A_WEBS_MG_7611	20212	20167	19320	19320
WA_A_WEBS_MG_7612	1692	1681	1662	1661
WA_A_WEBS_MG_7638	20764	20742	20001	20001
WA_A_WEBS_MG_7726	37675	37675	37282	37282
WA_A_WEBS_MG_7727	8496	8493	8473	8473
WA_A_WEBS_MG_7728	40341	40294	40147	40147
WA_A_WEBS_MG_7729	6240	6204	6090	6090
WA_A_WEBS_MG_7730	12694	12692	12661	12661
WA_A_WEBS_MG_7731	10280	10279	10207	10207
WA_A_WEBS_MG_7732	15980	15976	15805	15805
WA_A_WEBS_MG_9411	1885	1884	1882	1882
WA_A_WEBS_MG_9609	9219	9217	9194	9194
WA_A_WEBS_MG_9610	49638	49614	47861	47857
WA_A_WEBS_ST_7390	22451	22371	21422	21422
WA_A_WEBS_ST_7421	23555	23428	22677	22677
WA_A_WEBS_ST_7422	23526	23383	22940	22940
WA_A_WEBS_ST_7423	12846	12843	12646	12646
WA_A_WEBS_ST_7507	27665	27444	27023	27022
WA_A_WEBS_ST_7611	18771	18770	18578	18578
WA_A_WEBS_ST_7612	1267	1267	1257	1257
WA_A_WEBS_ST_7638	27981	27915	26601	26596
WA_A_WEBS_ST_7726	22233	22227	22093	22093
WA_A_WEBS_ST_7727	4371	4349	4254	4254
WA_A_WEBS_ST_7728	30425	30079	29731	29731
WA_A_WEBS_ST_7729	7480	7460	7424	7424
WA_A_WEBS_ST_7730	13914	13765	12668	12668
WA_A_WEBS_ST_7731	6870	6865	6743	6742
WA_A_WEBS_ST_7732	13073	13030	12498	12498
WA_A_WEBS_ST_9411	1400	1395	1365	1364
WA_A_WEBS_ST_9609	3944	3925	3748	3748
WA_A_WEBS_ST_9610	54566	54351	53411	53404
WA_E_SAMP_RB_7531	8306	8303	7444	7443
WA_E_SAMP_RB_7533	57548	57548	50209	50208
WA_E_SAMP_RB_7534	11758	11755	10727	10727
WA_E_SAMP_RB_7535	32403	32400	28335	28334
WA_E_SAMP_WT_2670	19778	19778	18209	18209
WA_E_SAMP_WT_2671	20634	20633	19106	19104
WA_E_SAMP_WT_2672	23127	23127	21294	21292
WA_E_SAMP_WT_2673	23645	23644	21617	21615
WA_E_SAMP_WT_2674	15489	15484	14087	14087
WA_E_SAMP_WT_2675	17259	17259	16148	16147
WA_E_SAMP_WT_2676	14633	14632	13530	13529
WA_E_SAMP_WT_2677	69078	69078	64520	64518
WA_E_SAMP_WT_2678	57839	57835	53303	53302
WA_E_SAMP_WT_2679	127591	127589	118646	118641
WA_E_SAMP_WT_2680	65423	65422	60829	60821
WA_E_SAMP_WT_2681	89271	89271	82949	82917
WA_E_SAMP_WT_3023	48981	48979	44857	44854
WA_E_SAMP_WT_3031	48129	48126	44612	44611
WA_E_SAMP_WT_3039	41925	41924	39084	39081
WA_E_SAMP_WT_3047	39712	39710	36990	36989
WA_E_SAMP_WT_3051	44506	44504	41107	41106
WA_E_SAMP_WT_3063	53386	53385	49600	49598
WA_E_SAMP_WT_3071	56981	56981	53176	53171
WA_E_SAMP_WT_3075	41883	41878	38266	38263