sample	number of pairs analyzed	total pairs passed	total pairs passed (percent of all pairs)	total pair_1 trimmed	total pair_1 trimmed (percent of all passed pairs)	total pair_2 trimmed	total pair_2 trimmed (percent of all passed pairs)	total pairs failed	total pairs failed (percent of all pairs)	pairs failed due to pair_1	pairs failed due to pair_1 (percent of all failed pairs)	pairs failed due to pair_2	pairs failed due to pair_2 (percent of all failed pairs)	pairs failed due to both	pairs failed due to both (percent of all failed pairs)	FAILED_REASON_P	FAILED_REASON_P (percent of all failed pairs)	FAILED_REASON_N	FAILED_REASON_N (percent of all failed pairs)	FAILED_REASON_C33	FAILED_REASON_C33 (percent of all failed pairs)
EP_ALPH_AREN_GL_P01	3619158	3389132	93.64	0	0.00	322	0.01	230026	6.36	37081	16.12	156959	68.24	35986	15.64	0	0	0	0	0	0
EP_ALPH_AREN_HP_P01	3650350	3426506	93.87	0	0.00	350	0.01	223844	6.13	40691	18.18	143108	63.93	40045	17.89	0	0	0	0	0	0
EP_ALPH_AREN_MG_P01	3653657	3396170	92.95	0	0.00	416	0.01	257487	7.05	35591	13.82	176923	68.71	44973	17.47	0	0	0	0	0	0
EP_ALPH_FASC_GL_P04	3651487	2952001	80.84	0	0.00	0	0.00	699486	19.16	52450	7.50	604018	86.35	43018	6.15	0	0	0	0	0	0
EP_ALPH_FASC_HP_P04	3632804	3423367	94.23	0	0.00	337	0.01	209437	5.77	47917	22.88	132479	63.25	29041	13.87	0	0	0	0	0	0
EP_ALPH_FASC_MG_P04	3652162	3477929	95.23	0	0.00	274	0.01	174233	4.77	38190	21.92	111161	63.80	24882	14.28	0	0	0	0	0	0
EP_ALPH_HEPH_MG_P06	3545836	3298875	93.04	0	0.00	314	0.01	246961	6.96	41163	16.67	165703	67.10	40095	16.24	0	0	0	0	0	0
EP_ALPH_HYEY_GL_P10	3653032	3419639	93.61	0	0.00	238	0.01	233393	6.39	41348	17.72	164998	70.70	27047	11.59	0	0	0	0	0	0
EP_ALPH_HYEY_HP_P10	3570174	3349195	93.81	0	0.00	500	0.01	220979	6.19	40426	18.29	154700	70.01	25853	11.70	0	0	0	0	0	0
EP_ALPH_HYEY_MG_P10	3513591	3312071	94.26	0	0.00	296	0.01	201520	5.74	35016	17.38	142551	70.74	23953	11.89	0	0	0	0	0	0
EP_ALPH_JAVI_GL_P02	3527611	3328255	94.35	0	0.00	614	0.02	199356	5.65	43982	22.06	121529	60.96	33845	16.98	0	0	0	0	0	0
EP_ALPH_JAVI_HP_P02	3659156	3461065	94.59	0	0.00	444	0.01	198091	5.41	43431	21.92	122452	61.82	32208	16.26	0	0	0	0	0	0
EP_ALPH_JAVI_MG_P02	3599464	3393972	94.29	0	0.00	226	0.01	205492	5.71	35836	17.44	147308	71.69	22348	10.88	0	0	0	0	0	0
EP_ALPH_MILL_GL_P08	3595335	3394173	94.40	0	0.00	399	0.01	201162	5.60	42922	21.34	123825	61.55	34415	17.11	0	0	0	0	0	0
EP_ALPH_MILL_HP_P08	3582561	3369965	94.07	0	0.00	340	0.01	212596	5.93	42155	19.83	146412	68.87	24029	11.30	0	0	0	0	0	0
EP_ALPH_MILL_MG_P08	3621783	3441260	95.02	0	0.00	218	0.01	180523	4.98	38404	21.27	111078	61.53	31041	17.20	0	0	0	0	0	0
EP_ALPH_PANA_GL_P07	3511210	2813792	80.14	0	0.00	0	0.00	697418	19.86	62584	8.97	580505	83.24	54329	7.79	0	0	0	0	0	0
EP_ALPH_PANA_HP_P07	3502134	3307576	94.44	0	0.00	488	0.01	194558	5.56	30304	15.58	144022	74.03	20232	10.40	0	0	0	0	0	0
EP_ALPH_PANA_MG_P07	3512071	3377412	96.17	0	0.00	0	0.00	134659	3.83	35907	26.67	72144	53.58	26608	19.76	0	0	0	0	0	0
EP_ALPH_ROST_GL_P05	3558216	3060413	86.01	0	0.00	0	0.00	497803	13.99	42401	8.52	425485	85.47	29917	6.01	0	0	0	0	0	0
EP_ALPH_ROST_HP_P05	3597391	3419918	95.07	0	0.00	448	0.01	177473	4.93	41302	23.27	111019	62.56	25152	14.17	0	0	0	0	0	0
EP_ALPH_ROST_MG_P05	3617680	2904324	80.28	0	0.00	0	0.00	713356	19.72	39269	5.50	632949	88.73	41138	5.77	0	0	0	0	0	0
EP_ALPH_SAXI_GL_P09	3550694	3351201	94.38	0	0.00	286	0.01	199493	5.62	38685	19.39	128083	64.20	32725	16.40	0	0	0	0	0	0
EP_ALPH_SAXI_HP_P09	3653418	3473926	95.09	0	0.00	373	0.01	179492	4.91	37114	20.68	115852	64.54	26526	14.78	0	0	0	0	0	0
EP_ALPH_SAXI_MG_P09	3648448	3468997	95.08	0	0.00	246	0.01	179451	4.92	38308	21.35	108881	60.67	32262	17.98	0	0	0	0	0	0
EP_ALPH_UTRI_GL_P03	3584362	3361985	93.80	0	0.00	311	0.01	222377	6.20	37885	17.04	159462	71.71	25030	11.26	0	0	0	0	0	0
EP_ALPH_UTRI_HP_P03	3555818	3441715	96.79	0	0.00	0	0.00	114103	3.21	38782	33.99	55181	48.36	20140	17.65	0	0	0	0	0	0
EP_ALPH_UTRI_MG_P03	3644018	2625580	72.05	0	0.00	0	0.00	1018438	27.95	39806	3.91	920693	90.40	57939	5.69	0	0	0	0	0	0
WA_ALPH_BOUV_GL_P02	3555818	2831216	79.62	0	0.00	0	0.00	724602	20.38	48037	6.63	635577	87.71	40988	5.66	0	0	0	0	0	0
WA_ALPH_BOUV_HP_P02	3558216	3366837	94.62	0	0.00	312	0.01	191379	5.38	44765	23.39	115840	60.53	30774	16.08	0	0	0	0	0	0
WA_ALPH_BOUV_MG_P02	3613754	3318156	91.82	0	0.00	271	0.01	295598	8.18	43377	14.67	180548	61.08	71673	24.25	0	0	0	0	0	0
WA_ALPH_CRIS_GL_P03	3511210	3394236	96.67	0	0.00	0	0.00	116974	3.33	36152	30.91	57979	49.57	22843	19.53	0	0	0	0	0	0
WA_ALPH_CRIS_HP_P03	3530068	3316253	93.94	0	0.00	464	0.01	213815	6.06	34892	16.32	152682	71.41	26241	12.27	0	0	0	0	0	0
WA_ALPH_CRIS_MG_P03	3557221	3392122	95.36	0	0.00	98	0.00	165099	4.64	42967	26.02	95712	57.97	26420	16.00	0	0	0	0	0	0
WA_ALPH_FLOR_GL_P06	3528078	3346151	94.84	0	0.00	173	0.01	181927	5.16	38084	20.93	111621	61.35	32222	17.71	0	0	0	0	0	0
WA_ALPH_FLOR_HP_P06	3644018	3473972	95.33	0	0.00	301	0.01	170046	4.67	46541	27.37	101837	59.89	21668	12.74	0	0	0	0	0	0
WA_ALPH_FLOR_MG_P06	3509735	3318664	94.56	0	0.00	32	0.00	191071	5.44	33914	17.75	135147	70.73	22010	11.52	0	0	0	0	0	0
WA_ALPH_FORM_GL_P07	3652162	2941970	80.55	0	0.00	0	0.00	710192	19.45	58763	8.27	599227	84.38	52202	7.35	0	0	0	0	0	0
WA_ALPH_FORM_HP_P07	3565578	3333523	93.49	0	0.00	325	0.01	232055	6.51	39683	17.10	165501	71.32	26871	11.58	0	0	0	0	0	0
WA_ALPH_FORM_MG_P07	3624945	3368422	92.92	0	0.00	178	0.01	256523	7.08	40908	15.95	185109	72.16	30506	11.89	0	0	0	0	0	0
WA_ALPH_NUTT_GL_P08	3617680	3400146	93.99	0	0.00	192	0.01	217534	6.01	38014	17.47	155309	71.40	24211	11.13	0	0	0	0	0	0
WA_ALPH_NUTT_HP_P08	3651487	3436292	94.11	0	0.00	306	0.01	215195	5.89	44383	20.62	143500	66.68	27312	12.69	0	0	0	0	0	0
WA_ALPH_NUTT_MG_P08	3509934	3296438	93.92	0	0.00	217	0.01	213496	6.08	37013	17.34	149361	69.96	27122	12.70	0	0	0	0	0	0
WA_ALPH_PCNS_GL_P04	3582561	2992646	83.53	0	0.00	0	0.00	589915	16.47	49912	8.46	503776	85.40	36227	6.14	0	0	0	0	0	0
WA_ALPH_PCNS_HP_P04	3535858	3347967	94.69	0	0.00	900	0.03	187891	5.31	39410	20.97	124117	66.06	24364	12.97	0	0	0	0	0	0
WA_ALPH_PCNS_MG_P04	3659040	3419657	93.46	0	0.00	137	0.00	239383	6.54	49219	20.56	163157	68.16	27007	11.28	0	0	0	0	0	0
WA_ALPH_PCWS_GL_P05	3545836	2774229	78.24	0	0.00	0	0.00	771607	21.76	39287	5.09	687605	89.11	44715	5.80	0	0	0	0	0	0
WA_ALPH_PCWS_HP_P05	3542084	3122464	88.15	0	0.00	0	0.00	419620	11.85	51784	12.34	336887	80.28	30949	7.38	0	0	0	0	0	0
WA_ALPH_PCWS_MG_P05	3659040	2869388	78.42	0	0.00	0	0.00	789652	21.58	41334	5.23	700269	88.68	48049	6.08	0	0	0	0	0	0
WA_ALPH_SIMU_GL_P09	3648448	2670889	73.21	0	0.00	0	0.00	977559	26.79	41309	4.23	874097	89.42	62153	6.36	0	0	0	0	0	0
WA_ALPH_SIMU_HP_P09	3633060	3519319	96.87	1	0.00	0	0.00	113741	3.13	35676	31.37	52569	46.22	25496	22.42	0	0	0	0	0	0
WA_ALPH_SIMU_MG_P09	3633035	3427252	94.34	0	0.00	524	0.02	205783	5.66	34830	16.93	144192	70.07	26761	13.00	0	0	0	0	0	0
WA_ALPH_VERR_GL_P10	3544349	3353362	94.61	0	0.00	268	0.01	190987	5.39	38087	19.94	128928	67.51	23972	12.55	0	0	0	0	0	0
WA_ALPH_VERR_HP_P10	3525330	3320336	94.19	0	0.00	423	0.01	204994	5.81	40911	19.96	138721	67.67	25362	12.37	0	0	0	0	0	0
WA_ALPH_VERR_MG_P10	3609889	3417633	94.67	0	0.00	193	0.01	192256	5.33	37060	19.28	127808	66.48	27388	14.25	0	0	0	0	0	0
WA_ALPH_WEBS_GL_P01	3525330	2378863	67.48	1	0.00	0	0.00	1146467	32.52	65585	5.72	1009106	88.02	71776	6.26	0	0	0	0	0	0
WA_ALPH_WEBS_HP_P01	3542084	3303677	93.27	0	0.00	98	0.00	238407	6.73	38641	16.21	170295	71.43	29471	12.36	0	0	0	0	0	0
WA_ALPH_WEBS_MG_P01	3574223	3342672	93.52	0	0.00	66	0.00	231551	6.48	37968	16.40	168506	72.77	25077	10.83	0	0	0	0	0	0
